MeshAnim
1
231
82
30
0.9795778 -0.03157648 0.1985703 0
0.01828987 0.9974908 0.06839341 0
0.2002316 0.06336485 -0.9776974 0
-0.2493526 0.8178744 1.766505 1

0.975503 -0.01270319 0.2196187 0
0.01646591 0.9997472 -0.0153109 0
0.2193687 -0.01855206 -0.9754656 0
-0.2456053 0.8956397 1.760384 1

-0.9013441 -0.02635971 -0.4323011 0
0.0731245 -0.9930788 -0.09191059 0
0.4268863 0.1144548 -0.897033 0
-0.1679234 0.7671219 1.783769 1

-0.9973701 0.07236312 0.004116267 0
-0.07075881 -0.9598094 -0.2715873 0
0.01570204 0.2711642 -0.962405 0
-0.3340538 0.7724768 1.750093 1

0.9742653 -0.005325118 0.2253413 0
0.0007148385 0.9997889 0.02053578 0
0.2254031 0.0198462 -0.9740634 0
-0.243625 1.015876 1.758543 1

-0.8187146 -0.1146879 -0.5626308 0
-0.08546339 -0.9445971 0.3169111 0
0.5678052 -0.3075441 -0.7635535 0
-0.1441175 0.4438223 1.753847 1

-0.9790352 0.09909591 0.1779617 0
-0.09525581 -0.9950004 0.03001582 0
-0.1800465 -0.01243468 -0.9835795 0
-0.3570896 0.4600082 1.661677 1

0.9728361 -0.001460612 0.2314903 0
0.01246786 0.9988593 -0.04609368 0
0.2311589 -0.04772778 -0.9717447 0
-0.2435427 1.130987 1.760907 1

0.9742653 -0.005325118 0.2253413 0
0.0103313 0.9997252 -0.02104263 0
0.2251673 -0.02282918 -0.9740527 0
-0.1109958 0.9393978 1.858864 1

0.9742653 -0.005325118 0.2253413 0
0.0103313 0.9997252 -0.02104263 0
0.2251673 -0.02282918 -0.9740527 0
-0.4076222 0.9410191 1.790257 1

-0.7534672 -0.05701083 -0.6550093 0
0.4713293 -0.7414204 -0.4776453 0
0.4584061 0.6686151 -0.5855064 0
-0.1721302 0.1342084 1.857722 1

-0.9714928 0.02755592 0.2354629 0
-0.1808954 -0.7281274 -0.6611413 0
-0.1532286 0.6848882 -0.7123547 0
-0.3883119 0.1338734 1.671515 1

0.9770689 -0.01239845 0.2125618 0
0.0261312 0.9977391 -0.06191883 0
0.2113135 -0.06605348 -0.9751838 0
-0.248464 1.316574 1.78276 1

0.42652 -0.04139598 -0.9035304 0
-0.8388103 -0.3917904 -0.3780181 0
0.3383461 -0.9191228 0.2018299 0
-0.3154742 1.268447 1.796236 1

-0.005102247 0.07578898 0.9971107 0
0.9892038 -0.1456559 0.01613292 0
-0.1464578 -0.9864281 0.07422757 0
-0.1949446 1.268287 1.82537 1

-0.9728364 0.001464151 -0.2314887 0
-0.2004486 -0.5055462 0.8391922 0
0.1157996 -0.8627983 -0.4921073 0
-0.2653165 1.323293 1.853625 1

0.9725439 0.03895408 0.2294358 0
0.1392542 -0.88732 -0.4396268 0
-0.1864577 -0.4595063 0.8683822 0
-0.1832773 1.293226 1.735477 1

0.9715351 -0.04187291 0.2331657 0
0.07115913 -0.8872178 -0.4558303 0
-0.2259557 -0.459447 0.8589835 0
-0.2854339 1.293379 1.711168 1

-0.7331735 -0.02656426 -0.6795227 0
0.6792604 0.01928246 -0.7336441 0
-0.03259164 0.9994614 -0.003906585 0
-0.08826184 0.002280056 1.77273 1

0.7860845 0.02839266 0.6174667 0
-0.02232636 0.9995971 -0.01754069 0
0.6177159 -2.791174E-06 -0.7864013 0
-0.121743 0.1239389 1.812546 1

-0.964031 0.001679072 0.2657855 0
-0.2657447 -0.02474322 -0.9637259 0
-0.004958216 0.9996926 -0.02429931 0
-0.4205004 0.00431031 1.553871 1

0.9824837 1.454726E-06 -0.1863506 0
0.004177416 0.9997489 0.02203215 0
-0.1863039 0.02242447 -0.9822362 0
-0.4119975 0.1247728 1.607943 1

0.9994015 0.02448322 0.02443957 0
-0.02341485 0.9987971 -0.04308322 0
0.025465 -0.04248519 -0.9987727 0
-0.2439138 1.406197 1.767072 1

0.7278703 -0.006470915 -0.6856842 0
-0.2233179 -0.9476779 -0.2281139 0
0.6483316 -0.3191628 0.6912317 0
-0.3807001 1.237981 1.766842 1

0.6496258 0.2546757 0.7163287 0
0.585871 -0.7681685 -0.2582098 0
-0.4845014 -0.5874159 0.6482291 0
-0.1180242 1.256961 1.826624 1

-0.9728364 0.001464151 -0.2314887 0
-0.2004486 -0.5055462 0.8391922 0
0.1157996 -0.8627983 -0.4921073 0
-0.2837081 1.276908 1.930622 1

0.9728361 -0.001460951 0.23149 0
0.04986122 -0.9751868 -0.2156962 0
-0.2260611 -0.2213794 0.9486241 0
-0.1730234 1.227888 1.703105 1

0.972836 -0.001460269 0.2314906 0
0.04986201 -0.9751867 -0.215696 0
-0.2260616 -0.2213794 0.948624 0
-0.2801942 1.228049 1.677603 1

-0.7331735 -0.02656426 -0.6795227 0
0.6792604 0.01928246 -0.7336441 0
-0.03259164 0.9994614 -0.003906585 0
-0.03680828 0.003740728 1.717157 1

-0.964031 0.001679072 0.2657855 0
-0.2657447 -0.02474322 -0.9637259 0
-0.004958216 0.9996926 -0.02429931 0
-0.4406304 0.002436101 1.48087 1

0.9994015 0.02448322 0.02443957 0
-0.02341485 0.9987971 -0.04308322 0
0.025465 -0.04248519 -0.9987727 0
-0.2544263 1.854622 1.747729 1

0.9994015 0.02448322 0.02443957 0
-0.02341485 0.9987971 -0.04308322 0
0.025465 -0.04248519 -0.9987727 0
-0.2454792 1.643163 1.508424 1

0.9994015 0.02448322 0.02443957 0
-0.02341485 0.9987971 -0.04308322 0
0.025465 -0.04248519 -0.9987727 0
-0.1729583 1.642065 1.526596 1

0.9994015 0.02448322 0.02443957 0
-0.02341485 0.9987971 -0.04308322 0
0.025465 -0.04248519 -0.9987727 0
-0.4185569 1.558963 1.910707 1

0.6586462 0.6905252 -0.2989319 0
0.3819048 -0.649084 -0.6579049 0
0.6483316 -0.3191627 0.6912316 0
-0.4299403 1.029024 1.716544 1

0.6236039 -0.7515965 -0.2149898 0
-0.6134952 -0.3000754 -0.7304645 0
-0.4845015 -0.5874158 0.6482292 0
0.01115662 1.087584 1.769691 1

0.9728361 -0.001460951 0.23149 0
0.04986122 -0.9751868 -0.2156962 0
-0.2260611 -0.2213794 0.9486241 0
-0.1680327 1.130281 1.681516 1

0.972836 -0.001460269 0.2314906 0
0.04986201 -0.9751867 -0.215696 0
-0.2260616 -0.2213794 0.948624 0
-0.2752035 1.130442 1.656014 1

-0.7985275 -0.5647744 -0.2082886 0
0.4958608 -0.4209725 -0.7595421 0
-0.341286 0.7097974 -0.6162077 0
-0.3420663 0.8796738 1.565164 1

0.6586462 0.6905252 -0.2989319 0
0.3819048 -0.649084 -0.6579049 0
0.6483316 -0.3191627 0.6912316 0
-0.4051342 0.986864 1.673811 1

0.5067561 -0.7694293 0.3888147 0
-0.6687918 -0.6354679 -0.385873 0
-0.5439812 0.06449259 0.8366153 0
-0.1300048 1.018539 1.601615 1

0.6236039 -0.7515965 -0.2149898 0
-0.6134952 -0.3000754 -0.7304645 0
-0.4845015 -0.5874158 0.6482292 0
-0.02869198 1.068093 1.722245 1

-0.8216353 0.4582673 0.3389784 0
-0.4560304 -0.171688 -0.8732468 0
0.3419819 0.8720747 -0.3500488 0
-0.3567398 0.8618546 1.519286 1

-0.747005 -0.6066349 -0.2719885 0
0.009136572 0.399711 -0.9165957 0
-0.6647558 0.6871867 0.2930434 0
-0.3185394 0.8174226 1.465799 1

-0.7436636 -0.5859473 -0.3219162 0
-0.03263423 0.5127528 -0.8579161 0
-0.6677571 0.6274953 0.4004374 0
-0.2858565 0.8319531 1.479064 1

-0.745057 -0.5594231 -0.3632297 0
-0.03006744 0.5721875 -0.8195716 0
-0.6663226 0.5997063 0.4431326 0
-0.260572 0.8486763 1.484179 1

-0.7415827 -0.5777676 -0.3409399 0
-0.1647497 0.649494 -0.742304 0
-0.6503174 0.4943099 0.5768403 0
-0.2474267 0.874574 1.491288 1

-0.1473225 -0.6539105 -0.7420898 0
-0.9054308 -0.2128268 0.3672869 0
0.3981094 -0.7260206 0.5607166 0
-0.1805632 1.021694 1.593157 1

0.4835695 -0.7769431 0.4031377 0
-0.8260663 -0.557379 -0.0833246 0
-0.289439 0.2927251 0.911338 0
-0.2294965 0.9756144 1.551008 1

0.5647834 -0.7152614 0.4116078 0
-0.8214298 -0.4393879 0.3635809 0
0.07919985 0.5434515 0.835696 0
-0.2058181 0.9465033 1.557873 1

0.6460417 -0.6704134 0.364933 0
-0.7456436 -0.4520525 0.4895554 0
0.1632355 0.588383 0.7919341 0
-0.1918682 0.9222683 1.568969 1

0.6479831 -0.6719747 0.3585635 0
-0.728075 -0.4082402 0.5506784 0
0.2236619 0.6178914 0.7537808 0
-0.1765378 0.9082235 1.591342 1

-0.8230081 0.4549474 0.3401185 0
-0.4452605 -0.1449062 -0.883598 0
0.3527055 0.8786496 -0.321829 0
-0.3749985 0.8549805 1.484323 1

-0.7865759 -0.5164964 -0.338423 0
-0.5509569 0.834505 0.006946154 0
-0.2788279 -0.1919202 0.9409685 0
-0.3182395 0.8305455 1.435706 1

-0.7735271 -0.5107471 -0.3752244 0
-0.5098068 0.8531811 -0.1103615 0
-0.3765009 -0.1059247 0.9203408 0
-0.2869695 0.8494406 1.449804 1

-0.7756928 -0.478755 -0.4112113 0
-0.5131072 0.8577731 -0.03076196 0
-0.3674533 -0.1871337 0.9110209 0
-0.2614956 0.8662525 1.459003 1

-0.7759873 -0.5058526 -0.3767716 0
-0.5465897 0.8373994 0.001449645 0
-0.3147749 -0.2070645 0.9263051 0
-0.2521412 0.8931603 1.470046 1

0.3783126 -0.4187474 -0.8255483 0
-0.8274928 -0.5527062 -0.09885152 0
0.4148917 -0.7205321 0.5556064 0
-0.216815 1.013173 1.607863 1

0.5322307 -0.7519993 0.3888797 0
-0.786503 -0.2692228 0.5558165 0
0.3132783 0.6016778 0.7347385 0
-0.2566171 0.9573151 1.548272 1

0.6175779 -0.7272922 0.2994049 0
0.2848603 0.5616655 0.7767796 0
0.7331112 0.3944333 -0.554049 0
-0.2338331 0.9315178 1.570273 1

0.6846474 -0.6852531 0.248367 0
0.3462002 0.6055939 0.7165205 0
0.6414073 0.4045793 -0.651853 0
-0.2146352 0.9084656 1.583917 1

0.6880499 -0.6672071 0.2853452 0
-0.09101126 0.3107726 0.946117 0
0.7199333 0.6769454 -0.1531036 0
-0.1973728 0.8965411 1.607101 1

-0.8302428 0.4510078 0.3275496 0
-0.5092661 -0.3748731 -0.774673 0
0.2265939 0.8099768 -0.5409188 0
-0.3925803 0.8492586 1.449432 1

-0.8092206 -0.4854783 -0.3308671 0
-0.584637 0.7210042 0.3719576 0
-0.05797921 -0.4944329 0.8672801 0
-0.3365523 0.858283 1.435937 1

-0.8199151 -0.4500272 -0.3538572 0
-0.5674296 0.5568745 0.6065594 0
0.07591423 -0.6981165 0.7119486 0
-0.3038554 0.8776999 1.446149 1

-0.8026087 -0.4405954 -0.4021138 0
-0.5872016 0.7021821 0.4026592 0
-0.1049474 -0.5592998 0.8222957 0
-0.2784068 0.8945235 1.45799 1

-0.7888471 -0.4874341 -0.3743369 0
-0.5846921 0.7828628 0.212746 0
-0.1893548 -0.3866961 0.9025581 0
-0.2677921 0.9171381 1.470088 1

0.8799235 -0.0776782 -0.4687223 0
-0.4321811 -0.5406819 -0.7217221 0
0.1973675 -0.8376333 0.5093299 0
-0.2494899 0.9913481 1.603959 1

0.573073 -0.7586592 0.309877 0
0.02406734 0.3935447 0.9189906 0
0.819151 0.5191907 -0.2437887 0
-0.2827591 0.9483666 1.566747 1

0.5933492 -0.757821 0.2713744 0
0.678553 0.6522589 0.3378229 0
0.4330154 0.01630494 -0.9012391 0
-0.2243979 0.9501215 1.596002 1

0.6612471 -0.7154882 0.225452 0
0.6626851 0.6979769 0.2714351 0
0.351569 0.0300821 -0.9356785 0
-0.203225 0.9284251 1.607533 1

0.6653007 -0.7115905 0.2258628 0
0.604477 0.6909822 0.3964231 0
0.4381579 0.1272116 -0.8898511 0
-0.1999788 0.9054396 1.634191 1

-0.8302428 0.4510078 0.3275496 0
-0.5092661 -0.3748731 -0.774673 0
0.2265939 0.8099768 -0.5409188 0
-0.4063593 0.8391159 1.428473 1

-0.8092206 -0.4854783 -0.3308671 0
-0.584637 0.7210042 0.3719576 0
-0.05797921 -0.4944329 0.8672801 0
-0.3501997 0.8751137 1.44462 1

-0.8199151 -0.4500272 -0.3538572 0
-0.5674296 0.5568745 0.6065594 0
0.07591423 -0.6981165 0.7119486 0
-0.3194713 0.8930253 1.462842 1

-0.8026087 -0.4405954 -0.4021138 0
-0.5872016 0.7021821 0.4026592 0
-0.1049474 -0.5592998 0.8222957 0
-0.2917992 0.9105383 1.467173 1

-0.7888471 -0.4874341 -0.3743369 0
-0.5846921 0.7828628 0.212746 0
-0.1893548 -0.3866961 0.9025581 0
-0.2774953 0.9301301 1.473618 1

0.8799235 -0.0776782 -0.4687223 0
-0.4321811 -0.5406819 -0.7217221 0
0.1973675 -0.8376333 0.5093299 0
-0.2609576 0.9770014 1.584809 1

0.573073 -0.7586592 0.309877 0
0.02406734 0.3935447 0.9189906 0
0.819151 0.5191907 -0.2437887 0
-0.2821903 0.9576681 1.588467 1

0.5933492 -0.757821 0.2713744 0
0.678553 0.6522589 0.3378229 0
0.4330154 0.01630494 -0.9012391 0
-0.2061345 0.9676772 1.605095 1

0.6612471 -0.7154882 0.225452 0
0.6626851 0.6979769 0.2714351 0
0.351569 0.0300821 -0.9356785 0
-0.1876307 0.9448498 1.61392 1

0.6653007 -0.7115905 0.2258628 0
0.604477 0.6909822 0.3964231 0
0.4381579 0.1272116 -0.8898511 0
-0.1902339 0.916579 1.640582 1

0.9795768 -0.03157227 0.198576 0
0.01833447 0.9975064 0.06815284 0
0.2002325 0.06312015 -0.977713 0
-0.2495648 0.817932 1.766366 1

0.9755006 -0.01271405 0.2196291 0
0.01642103 0.9997517 -0.01506098 0
0.2193831 -0.01829854 -0.9754672 0
-0.245814 0.8956957 1.760227 1

-0.9013321 -0.02673517 -0.4323028 0
0.07329918 -0.9931123 -0.09140791 0
0.4268814 0.1140763 -0.8970836 0
-0.1681378 0.7671801 1.783642 1

-0.9973939 0.07204096 0.003998116 0
-0.07042404 -0.9599602 -0.2711412 0
0.01569517 0.270716 -0.9625313 0
-0.3342681 0.7725343 1.749965 1

0.9742558 -0.005941357 0.2253669 0
0.001144839 0.9997702 0.02140787 0
0.2254423 0.02059873 -0.9740387 0
-0.2438391 1.015932 1.758415 1

-0.8186678 -0.1150022 -0.5626345 0
-0.08496982 -0.9447014 0.3167327 0
0.5679464 -0.3071058 -0.7636249 0
-0.1442751 0.4438696 1.753884 1

-0.9792715 0.09883131 0.1768055 0
-0.09502247 -0.9950262 0.02990252 0
-0.1788813 -0.01248228 -0.9837915 0
-0.3571948 0.4600165 1.661694 1

0.9728279 -0.002080413 0.23152 0
0.01298757 0.9988755 -0.04559691 0
0.2311648 -0.04736484 -0.9717609 0
-0.2437073 1.131041 1.76088 1

0.9742558 -0.005941357 0.2253669 0
0.01076259 0.9997386 -0.02017027 0
0.2251882 -0.02207655 -0.9740651 0
-0.1112459 0.9393097 1.858675 1

0.9742558 -0.005941357 0.2253669 0
0.01076259 0.9997386 -0.02017027 0
0.2251882 -0.02207655 -0.9740651 0
-0.4078696 0.9411187 1.790059 1

-0.7534204 -0.05723295 -0.6550438 0
0.4714947 -0.7413906 -0.477528 0
0.4583129 0.668629 -0.5855637 0
-0.1721259 0.1342216 1.857701 1

-0.9714881 0.02755794 0.235482 0
-0.1809067 -0.7281412 -0.661123 0
-0.153245 0.6848735 -0.7123656 0
-0.3883407 0.1338732 1.671496 1

0.9770557 -0.01301106 0.2125859 0
0.02665086 0.9977561 -0.06142229 0
0.2113097 -0.06567861 -0.97521 0
-0.248533 1.31662 1.782825 1

0.4265286 -0.04116855 -0.9035366 0
-0.8390011 -0.3911664 -0.3782407 0
0.3378615 -0.9193987 0.2013843 0
-0.3155686 1.268521 1.796275 1

-0.005094394 0.07529613 0.9971482 0
0.9891275 -0.1461772 0.01609151 0
-0.1469719 -0.9863887 0.07373278 0
-0.19504 1.268284 1.825413 1

-0.9728283 0.002083955 -0.2315184 0
-0.2007373 -0.5058591 0.8389345 0
0.1153674 -0.8626137 -0.4925323 0
-0.2653843 1.323312 1.853693 1

0.9725567 0.03833545 0.2294856 0
0.1388077 -0.8871737 -0.4400633 0
-0.1867235 -0.459841 0.8681479 0
-0.1833569 1.293262 1.735533 1

0.9715058 -0.04249287 0.2331752 0
0.07071317 -0.887028 -0.4562689 0
-0.2262211 -0.4597566 0.8587479 0
-0.2855127 1.29348 1.711221 1

-0.7331311 -0.02678559 -0.6795598 0
0.6792971 0.01931956 -0.7336091 0
-0.03277895 0.9994547 -0.004031589 0
-0.08822812 0.002298355 1.77273 1

0.7860451 0.02861628 0.6175066 0
-0.02251296 0.9995905 -0.01766515 0
0.6177593 1.626648E-05 -0.7863674 0
-0.1217343 0.1239558 1.812529 1

-0.9640256 0.001681704 0.2658049 0
-0.2657641 -0.02476338 -0.96372 0
-0.00496152 0.9996923 -0.02431937 0
-0.4205312 0.004307806 1.553855 1

0.9824799 4.768372E-07 -0.1863705 0
0.004175058 0.9997496 0.02201195 0
-0.1863238 0.02240416 -0.982233 0
-0.4120275 0.1247714 1.607924 1

0.9994084 0.02416321 0.02447233 0
-0.02310592 0.998825 -0.04260143 0
0.02547298 -0.04201078 -0.9987924 0
-0.2439358 1.406249 1.767182 1

0.728027 -0.007210968 -0.6855104 0
-0.2240163 -0.9475542 -0.2279428 0
0.6479144 -0.3195142 0.6914606 0
-0.3808092 1.238104 1.766864 1

0.6491365 0.2542281 0.7169307 0
0.5857741 -0.7683382 -0.257925 0
-0.4852736 -0.587388 0.6476764 0
-0.1181256 1.256917 1.826664 1

-0.9728283 0.002083955 -0.2315184 0
-0.2007373 -0.5058591 0.8389345 0
0.1153674 -0.8626137 -0.4925323 0
-0.2838023 1.276899 1.930667 1

0.9728279 -0.002080752 0.2315196 0
0.04936203 -0.9751052 -0.2161791 0
-0.2262058 -0.2217335 0.9485069 0
-0.1731358 1.227935 1.703129 1

0.9728278 -0.002080074 0.2315203 0
0.04936282 -0.9751052 -0.216179 0
-0.2262063 -0.2217335 0.9485068 0
-0.2803057 1.228164 1.677624 1

-0.7331311 -0.02678559 -0.6795598 0
0.6792971 0.01931956 -0.7336091 0
-0.03277895 0.9994547 -0.004031589 0
-0.03677179 0.003761888 1.717159 1

-0.9640256 0.001681704 0.2658049 0
-0.2657641 -0.02476338 -0.96372 0
-0.00496152 0.9996923 -0.02431937 0
-0.4406626 0.002432048 1.480854 1

0.9994084 0.02416321 0.02447233 0
-0.02310592 0.998825 -0.04260143 0
0.02547298 -0.04201078 -0.9987924 0
-0.2543096 1.854686 1.748055 1

0.9994084 0.02416321 0.02447233 0
-0.02310592 0.998825 -0.04260143 0
0.02547298 -0.04201078 -0.9987924 0
-0.2454226 1.64334 1.508648 1

0.9994084 0.02416321 0.02447233 0
-0.02310592 0.998825 -0.04260143 0
0.02547298 -0.04201078 -0.9987924 0
-0.1729025 1.64221 1.526822 1

0.9994084 0.02416321 0.02447233 0
-0.02310592 0.998825 -0.04260143 0
0.02547298 -0.04201078 -0.9987924 0
-0.4185348 1.558999 1.910887 1

0.6588185 0.6906899 -0.2981703 0
0.3823151 -0.6487359 -0.6580098 0
0.6479144 -0.3195141 0.6914605 0
-0.4302034 1.029174 1.716604 1

0.6231358 -0.7519598 -0.2150772 0
-0.6133605 -0.2992192 -0.730929 0
-0.4852738 -0.5873878 0.6476765 0
0.01103395 1.087503 1.769793 1

0.9728279 -0.002080752 0.2315196 0
0.04936203 -0.9751052 -0.2161791 0
-0.2262058 -0.2217335 0.9485069 0
-0.1681952 1.130336 1.681491 1

0.9728278 -0.002080074 0.2315203 0
0.04936282 -0.9751052 -0.216179 0
-0.2262063 -0.2217335 0.9485068 0
-0.275365 1.130565 1.655986 1

-0.7988701 -0.5643252 -0.2081916 0
0.4954283 -0.421036 -0.7597891 0
-0.3411118 0.710117 -0.6159358 0
-0.3422351 0.8799039 1.5652 1

0.6588185 0.6906899 -0.2981703 0
0.3823151 -0.6487359 -0.6580098 0
0.6479144 -0.3195141 0.6914605 0
-0.4053708 0.9870365 1.673864 1

0.5064853 -0.7697759 0.3884812 0
-0.6692219 -0.6350408 -0.385831 0
-0.5437047 0.06456252 0.8367897 0
-0.1300965 1.018655 1.601611 1

0.6231358 -0.7519598 -0.2150772 0
-0.6133605 -0.2992192 -0.730929 0
-0.4852738 -0.5873878 0.6476765 0
-0.02880593 1.068068 1.722317 1

-0.8213072 0.4585954 0.3393298 0
-0.4563715 -0.1712488 -0.8731545 0
0.3423147 0.8719888 -0.3499377 0
-0.356931 0.862103 1.519322 1

-0.7473873 -0.6061959 -0.2719167 0
0.009067833 0.3999283 -0.9165018 0
-0.6643267 0.6874474 0.2934043 0
-0.3187684 0.817665 1.465812 1

-0.7440501 -0.5854983 -0.3218404 0
-0.03262936 0.5129766 -0.8577822 0
-0.6673263 0.6277316 0.4007847 0
-0.2860743 0.8321759 1.479071 1

-0.7454425 -0.5589632 -0.3631468 0
-0.03002171 0.5724008 -0.8194243 0
-0.6658933 0.5999316 0.4434729 0
-0.26078 0.8488854 1.484183 1

-0.7419707 -0.5773149 -0.3408626 0
-0.1646427 0.649756 -0.7420984 0
-0.6499016 0.4944946 0.5771505 0
-0.2476197 0.8747747 1.491295 1

-0.1478657 -0.6536578 -0.7422046 0
-0.9054297 -0.2124633 0.3675 0
0.3979105 -0.7263546 0.5604253 0
-0.1806557 1.021837 1.593168 1

0.4832991 -0.7772816 0.4028092 0
-0.8263688 -0.5569465 -0.08321787 0
-0.2890267 0.29265 0.9114931 0
-0.2296244 0.9757925 1.551022 1

0.5645463 -0.7156424 0.4112705 0
-0.8215431 -0.4390655 0.363715 0
0.07971525 0.5432104 0.8358039 0
-0.2059585 0.9466679 1.557874 1

0.6458134 -0.6708239 0.3645827 0
-0.7457264 -0.4517984 0.489664 0
0.1637605 0.5881105 0.7920284 0
-0.1920175 0.9224232 1.56896 1

0.6477522 -0.6723849 0.3582123 0
-0.7281179 -0.4080095 0.5507928 0
0.2241906 0.6175979 0.7538645 0
-0.1766875 0.9083654 1.591325 1

-0.8226812 0.4552758 0.3404695 0
-0.4455914 -0.1444699 -0.8835026 0
0.3530498 0.8785514 -0.3217195 0
-0.3752033 0.8552466 1.484362 1

-0.7869324 -0.5160215 -0.3383176 0
-0.5505381 0.8347782 0.007309504 0
-0.2786482 -0.1920089 0.9410037 0
-0.3184707 0.830795 1.435723 1

-0.7738917 -0.5102701 -0.3751216 0
-0.5094131 0.853462 -0.1100056 0
-0.3762844 -0.1059597 0.9204252 0
-0.2871872 0.8496711 1.449816 1

-0.7760518 -0.478268 -0.4110999 0
-0.5126878 0.8580366 -0.03040401 0
-0.3672799 -0.187171 0.911083 0
-0.2617022 0.866468 1.459012 1

-0.77635 -0.5053739 -0.3766667 0
-0.546171 0.8376716 0.001812473 0
-0.3146071 -0.2071317 0.926347 0
-0.2523312 0.8933685 1.470059 1

0.3778625 -0.4187373 -0.8257598 0
-0.8277977 -0.5522689 -0.09874319 0
0.4146941 -0.7208732 0.5553114 0
-0.2169075 1.013331 1.607882 1

0.5319687 -0.7523587 0.3885431 0
-0.7864752 -0.2689642 0.5559812 0
0.3137933 0.601344 0.7347922 0
-0.2567549 0.9575073 1.54829 1

0.6173018 -0.7276729 0.2990493 0
0.2853676 0.561336 0.7768318 0
0.7331463 0.3942007 -0.554168 0
-0.2339774 0.9316934 1.570278 1

0.6843777 -0.6856548 0.2480019 0
0.3467119 0.6052482 0.7165652 0
0.6414191 0.4044162 -0.6519426 0
-0.214787 0.9086283 1.583911 1

0.6878 -0.6676193 0.2849834 0
-0.09057977 0.3105898 0.9462186 0
0.7202266 0.6766228 -0.1531506 0
-0.1975238 0.8966896 1.607087 1

-0.8299216 0.4513428 0.3279018 0
-0.5096799 -0.3744313 -0.7746145 0
0.2268398 0.8099946 -0.5407889 0
-0.3927982 0.8495419 1.449475 1

-0.8095596 -0.4849942 -0.3307477 0
-0.5841682 0.7212058 0.3723032 0
-0.05797218 -0.4946139 0.8671772 0
-0.3367696 0.8585417 1.435966 1

-0.820243 -0.4495322 -0.353726 0
-0.5669739 0.5570108 0.6068603 0
0.07577404 -0.6983267 0.7117574 0
-0.3040601 0.8779396 1.446173 1

-0.802946 -0.4400972 -0.4019855 0
-0.586733 0.7023776 0.4030011 0
-0.1049858 -0.5594463 0.8221908 0
-0.2785996 0.8947477 1.45801 1

-0.7891998 -0.4869497 -0.3742239 0
-0.5842389 0.7831031 0.2131068 0
-0.1892837 -0.3868201 0.9025199 0
-0.26797 0.917354 1.47011 1

0.8797476 -0.0780046 -0.468998 0
-0.4326617 -0.5402918 -0.7217262 0
0.1970979 -0.8378544 0.5090703 0
-0.2495945 0.9915234 1.603984 1

0.5727846 -0.75902 0.3095267 0
0.02453221 0.393311 0.9190784 0
0.819339 0.5188405 -0.2439028 0
-0.2828961 0.9485674 1.56677 1

0.5930499 -0.7581826 0.2710184 0
0.6789774 0.6518385 0.3377821 0
0.4327604 0.01630608 -0.9013613 0
-0.2245254 0.9502861 1.596009 1

0.6609556 -0.7158728 0.2250863 0
0.6631129 0.6975803 0.2714099 0
0.3513107 0.03013222 -0.935774 0
-0.2033599 0.9285764 1.607528 1

0.6650113 -0.7119771 0.225497 0
0.6049377 0.6905845 0.396413 0
0.4379616 0.1272075 -0.8899482 0
-0.2001174 0.9055829 1.63418 1

-0.8299216 0.4513428 0.3279018 0
-0.5096799 -0.3744313 -0.7746145 0
0.2268398 0.8099946 -0.5407889 0
-0.4065883 0.8394111 1.428517 1

-0.8095596 -0.4849942 -0.3307477 0
-0.5841682 0.7212058 0.3723032 0
-0.05797218 -0.4946139 0.8671772 0
-0.3504062 0.8753771 1.444656 1

-0.820243 -0.4495322 -0.353726 0
-0.5669739 0.5570108 0.6068603 0
0.07577404 -0.6983267 0.7117574 0
-0.3196634 0.8932688 1.462874 1

-0.802946 -0.4400972 -0.4019855 0
-0.586733 0.7023776 0.4030011 0
-0.1049858 -0.5594463 0.8221908 0
-0.2919813 0.9107669 1.467201 1

-0.7891998 -0.4869497 -0.3742239 0
-0.5842389 0.7831031 0.2131068 0
-0.1892837 -0.3868201 0.9025199 0
-0.2776658 0.9303501 1.473647 1

0.8797476 -0.0780046 -0.468998 0
-0.4326617 -0.5402918 -0.7217262 0
0.1970979 -0.8378544 0.5090703 0
-0.2610749 0.977187 1.584833 1

0.5727846 -0.75902 0.3095267 0
0.02453221 0.393311 0.9190784 0
0.819339 0.5188405 -0.2439028 0
-0.2823162 0.9578636 1.588493 1

0.5930499 -0.7581826 0.2710184 0
0.6789774 0.6518385 0.3377821 0
0.4327604 0.01630608 -0.9013613 0
-0.2062505 0.9678305 1.6051 1

0.6609556 -0.7158728 0.2250863 0
0.6631129 0.6975803 0.2714099 0
0.3513107 0.03013222 -0.935774 0
-0.1877556 0.9449918 1.613915 1

0.6650113 -0.7119771 0.225497 0
0.6049377 0.6905845 0.396413 0
0.4379616 0.1272075 -0.8899482 0
-0.1903651 0.9167159 1.640571 1

0.9795759 -0.03156966 0.1985808 0
0.01838061 0.9975219 0.06791307 0
0.2002327 0.06287597 -0.9777287 0
-0.2497713 0.8179966 1.76623 1

0.9754979 -0.01273428 0.2196398 0
0.01638654 0.9997559 -0.01481455 0
0.2193976 -0.0180507 -0.9754685 0
-0.2460169 0.8957587 1.760072 1

-0.9013245 -0.02710316 -0.4322959 0
0.07347062 -0.9931446 -0.09091811 0
0.4268681 0.1137078 -0.8971366 0
-0.1683466 0.7672451 1.783518 1

-0.9974174 0.07171811 0.003882438 0
-0.07008974 -0.9601185 -0.2706662 0
0.01568405 0.2702393 -0.9626655 0
-0.3344767 0.7725988 1.74984 1

0.974247 -0.006562313 0.2253878 0
0.001581602 0.9997507 0.02227187 0
0.2254778 0.02134183 -0.9740145 0
-0.2440462 1.015996 1.75829 1

-0.8186278 -0.1153121 -0.5626294 0
-0.08444826 -0.9448209 0.3165156 0
0.568082 -0.3066216 -0.7637185 0
-0.144428 0.4439241 1.75392 1

-0.9795072 0.0985615 0.1756457 0
-0.09480156 -0.9950534 0.02969123 0
-0.1777033 -0.01243135 -0.9840056 0
-0.3572946 0.4600296 1.661724 1

0.9728195 -0.002707357 0.2315491 0
0.01351545 0.9988909 -0.04510383 0
0.2311701 -0.04700737 -0.9717771 0
-0.2438641 1.131102 1.760854 1

0.974247 -0.006562313 0.2253878 0
0.01120047 0.9997509 -0.01930603 0
0.225205 -0.02133329 -0.9740778 0
-0.1114893 0.9392286 1.858487 1

0.974247 -0.006562313 0.2253878 0
0.01120047 0.9997509 -0.01930603 0
0.225205 -0.02133329 -0.9740778 0
-0.4081102 0.9412266 1.789865 1

-0.7533752 -0.05746371 -0.6550754 0
0.4716806 -0.7413357 -0.4774297 0
0.4581959 0.6686701 -0.5856082 0
-0.1721079 0.1342368 1.857665 1

-0.9714922 0.02755876 0.2354645 0
-0.1808999 -0.7281205 -0.6611474 0
-0.1532261 0.6848951 -0.7123486 0
-0.388368 0.1338775 1.671456 1

0.9770423 -0.01363094 0.2126088 0
0.02717871 0.9977722 -0.06092957 0
0.2113046 -0.06530922 -0.9752359 0
-0.2485926 1.316673 1.782891 1

0.42654 -0.04094863 -0.9035414 0
-0.8391942 -0.3905361 -0.3784642 0
0.3373678 -0.9196764 0.2009431 0
-0.315654 1.268603 1.796315 1

-0.005085826 0.07480698 0.9971851 0
0.9890499 -0.1467064 0.01605004 0
-0.1474941 -0.9863473 0.0732417 0
-0.1951265 1.268288 1.825456 1

-0.9728197 0.002710892 -0.2315475 0
-0.2010302 -0.506167 0.8386788 0
0.1149281 -0.8624313 -0.4929542 0
-0.2654426 1.323339 1.853761 1

0.9725697 0.03770963 0.2295346 0
0.1383538 -0.8870295 -0.4404965 0
-0.1869929 -0.4601707 0.8679152 0
-0.1834274 1.293303 1.735589 1

0.971476 -0.04311991 0.2331843 0
0.07025988 -0.88684 -0.4567041 0
-0.2264902 -0.4600607 0.8585141 0
-0.2855823 1.293588 1.711274 1

-0.7330914 -0.02701439 -0.6795936 0
0.6793294 0.01939404 -0.7335771 0
-0.03299731 0.9994472 -0.004133972 0
-0.08817708 0.002323508 1.772711 1

0.7860081 0.02885039 0.6175428 0
-0.02273063 0.999584 -0.01776705 0
0.6177983 7.205829E-05 -0.7863367 0
-0.1217118 0.1239777 1.812496 1

-0.9640303 0.001681598 0.2657869 0
-0.2657461 -0.0247334 -0.9637257 0
-0.004953213 0.9996927 -0.0242906 0
-0.4205573 0.004315674 1.553811 1

0.9824833 -1.860783E-06 -0.186352 0
0.004182493 0.9997488 0.0220409 0
-0.1863051 0.02243401 -0.9822358 0
-0.4120538 0.1247775 1.607884 1

0.9994156 0.02383201 0.02450155 0
-0.02278544 0.998852 -0.04214024 0
0.02547772 -0.04155733 -0.9988112 0
-0.2439477 1.406307 1.767292 1

0.728186 -0.007966164 -0.6853333 0
-0.2247291 -0.9474276 -0.2277684 0
0.647489 -0.319872 0.6916937 0
-0.3809097 1.238235 1.766886 1

0.6486479 0.2537788 0.717532 0
0.5856723 -0.7685121 -0.2576374 0
-0.4860491 -0.5873545 0.6471251 0
-0.1182181 1.25688 1.826704 1

-0.9728197 0.002710892 -0.2315475 0
-0.2010302 -0.506167 0.8386788 0
0.1149281 -0.8624313 -0.4929542 0
-0.2838875 1.276897 1.930711 1

0.9728195 -0.002707692 0.2315487 0
0.04885485 -0.9750244 -0.2166586 0
-0.2263523 -0.222082 0.9483904 0
-0.1732398 1.227987 1.703153 1

0.9728193 -0.002707014 0.2315494 0
0.04885563 -0.9750244 -0.2166584 0
-0.2263527 -0.222082 0.9483903 0
-0.2804087 1.228285 1.677644 1

-0.7330914 -0.02701439 -0.6795936 0
0.6793294 0.01939404 -0.7335771 0
-0.03299731 0.9994472 -0.004133972 0
-0.03671825 0.003792644 1.717143 1

-0.9640303 0.001681598 0.2657869 0
-0.2657461 -0.0247334 -0.9637257 0
-0.004953213 0.9996927 -0.0242906 0
-0.4406875 0.002442122 1.48081 1

0.9994156 0.02383201 0.02450155 0
-0.02278544 0.998852 -0.04214024 0
0.02547772 -0.04155733 -0.9988112 0
-0.2541776 1.854756 1.748372 1

0.9994156 0.02383201 0.02450155 0
-0.02278544 0.998852 -0.04214024 0
0.02547772 -0.04155733 -0.9988112 0
-0.245354 1.643517 1.508868 1

0.9994156 0.02383201 0.02450155 0
-0.02278544 0.998852 -0.04214024 0
0.02547772 -0.04155733 -0.9988112 0
-0.1728345 1.642357 1.527042 1

0.9994156 0.02383201 0.02450155 0
-0.02278544 0.998852 -0.04214024 0
0.02547772 -0.04155733 -0.9988112 0
-0.4185005 1.559047 1.911064 1

0.6589982 0.6908503 -0.2974012 0
0.3827262 -0.6483887 -0.6581129 0
0.6474892 -0.3198719 0.6916936 0
-0.430461 1.029333 1.716664 1

0.6226627 -0.7523269 -0.2151636 0
-0.613227 -0.2983607 -0.7313917 0
-0.4860493 -0.5873542 0.6471252 0
0.01091895 1.087428 1.769897 1

0.9728195 -0.002707692 0.2315487 0
0.04885485 -0.9750244 -0.2166586 0
-0.2263523 -0.222082 0.9483904 0
-0.1683499 1.130397 1.681467 1

0.9728193 -0.002707014 0.2315494 0
0.04885563 -0.9750244 -0.2166584 0
-0.2263527 -0.222082 0.9483903 0
-0.2755188 1.130695 1.655959 1

-0.7992201 -0.5638664 -0.208092 0
0.4949886 -0.4211058 -0.7600369 0
-0.3409307 0.7104399 -0.6156636 0
-0.342398 0.8801423 1.565237 1

0.6589982 0.6908503 -0.2974012 0
0.3827262 -0.6483887 -0.6581129 0
0.6474892 -0.3198719 0.6916936 0
-0.4056017 0.9872176 1.673918 1

0.5062057 -0.7701278 0.3881486 0
-0.6696601 -0.6346061 -0.3857854 0
-0.5434254 0.06464093 0.8369648 0
-0.1301807 1.018777 1.601608 1

0.6226627 -0.7523269 -0.2151636 0
-0.613227 -0.2983607 -0.7313917 0
-0.4860493 -0.5873542 0.6471252 0
-0.02891219 1.068048 1.72239 1

-0.8209724 0.4589334 0.3396829 0
-0.4567168 -0.1708047 -0.8730612 0
0.3426573 0.8718982 -0.3498283 0
-0.3571166 0.86236 1.519359 1

-0.7477774 -0.6057484 -0.2718424 0
0.009001717 0.400145 -0.9164079 0
-0.6638885 0.6877161 0.2937665 0
-0.3189925 0.8179154 1.465828 1

-0.7444443 -0.5850402 -0.3217621 0
-0.0326203 0.5132003 -0.8576488 0
-0.6668872 0.627976 0.4011332 0
-0.2862871 0.8324064 1.47908 1

-0.7458353 -0.5584943 -0.3630618 0
-0.02997084 0.5726138 -0.8192771 0
-0.6654556 0.6001647 0.4438143 0
-0.2609827 0.8491017 1.484188 1

-0.7423662 -0.5768531 -0.3407829 0
-0.1645294 0.6500193 -0.7418931 0
-0.6494784 0.4946876 0.5774615 0
-0.2478071 0.8749826 1.491303 1

-0.1484185 -0.6534047 -0.7423168 0
-0.9054303 -0.2120876 0.3677157 0
0.3977034 -0.7266918 0.5601348 0
-0.1807408 1.021987 1.593181 1

0.4830197 -0.777625 0.4024815 0
-0.8266784 -0.5565037 -0.08310761 0
-0.2886088 0.2925801 0.9116479 0
-0.2297454 0.9759772 1.551039 1

0.564301 -0.7160293 0.4109336 0
-0.8216606 -0.4387317 0.3638519 0
0.08023903 0.5429699 0.83591 0
-0.2060924 0.9468389 1.557876 1

0.6455771 -0.6712414 0.3642326 0
-0.7458133 -0.4515334 0.4897756 0
0.1642944 0.5878376 0.7921204 0
-0.1921606 0.9225845 1.568952 1

0.6475132 -0.6728017 0.3578612 0
-0.7281646 -0.4077682 0.5509093 0
0.2247283 0.6173031 0.7539457 0
-0.1768312 0.9085134 1.591309 1

-0.8223478 0.4556141 0.3408223 0
-0.4459258 -0.1440289 -0.883406 0
0.3534038 0.8784484 -0.3216117 0
-0.3754027 0.8555213 1.484403 1

-0.7872961 -0.5155376 -0.3382099 0
-0.5501091 0.8350576 0.00767342 0
-0.2784686 -0.1920936 0.9410396 0
-0.3186969 0.8310525 1.435741 1

-0.7742633 -0.5097839 -0.3750163 0
-0.509009 0.853749 -0.1096492 0
-0.3760668 -0.1059895 0.9205109 0
-0.2873996 0.8499092 1.44983 1

-0.7764176 -0.4777721 -0.4109863 0
-0.512258 0.8583061 -0.03004566 0
-0.3671067 -0.1872031 0.9111465 0
-0.2619033 0.8666909 1.459022 1

-0.7767195 -0.5048862 -0.3765596 0
-0.5457423 0.8379503 0.002175897 0
-0.3144396 -0.2071944 0.9263899 0
-0.2525154 0.8935838 1.470072 1

0.3774052 -0.4187334 -0.8259706 0
-0.8281091 -0.5518216 -0.09863132 0
0.4144883 -0.721218 0.5550173 0
-0.2169926 1.013495 1.607904 1

0.5316978 -0.7527238 0.388207 0
-0.786449 -0.2686943 0.5561483 0
0.314317 0.601008 0.734843 0
-0.2568861 0.9577066 1.54831 1

0.6170174 -0.7280599 0.298694 0
0.2858832 0.5610043 0.7768816 0
0.7331849 0.3939578 -0.5542895 0
-0.2341153 0.9318759 1.570285 1

0.6840997 -0.6860641 0.2476369 0
0.3472322 0.6048996 0.7166076 0
0.6414342 0.4042434 -0.6520349 0
-0.2149327 0.9087977 1.583907 1

0.6875421 -0.6680393 0.2846217 0
-0.09014263 0.3104102 0.9463192 0
0.7205278 0.6762907 -0.1532012 0
-0.1976688 0.8968445 1.607074 1

-0.829594 0.4516879 0.3282558 0
-0.5100999 -0.3739837 -0.7745545 0
0.2270944 0.810009 -0.5406603 0
-0.3930108 0.8498341 1.44952 1

-0.809905 -0.4845005 -0.3306257 0
-0.5836896 0.7214146 0.3726498 0
-0.05796908 -0.4947936 0.8670751 0
-0.3369817 0.8588085 1.435996 1

-0.8205773 -0.4490275 -0.3535923 0
-0.56651 0.5571541 0.6071621 0
0.07562713 -0.6985372 0.7115665 0
-0.3042591 0.8781872 1.446198 1

-0.8032895 -0.4395898 -0.4018546 0
-0.586255 0.7025803 0.4033439 0
-0.1050292 -0.5595912 0.8220868 0
-0.2787866 0.8949794 1.458032 1

-0.7895592 -0.4864559 -0.3741084 0
-0.5837756 0.7833502 0.2134682 0
-0.189215 -0.3869411 0.9024824 0
-0.268142 0.9175775 1.470135 1

0.8795697 -0.07834291 -0.4692754 0
-0.4331504 -0.539898 -0.7217277 0
0.1968187 -0.8380768 0.5088123 0
-0.2496919 0.9917058 1.604009 1

0.5724869 -0.7593869 0.309177 0
0.02500375 0.393079 0.9191648 0
0.8195325 0.5184791 -0.2440201 0
-0.2830264 0.9487757 1.566795 1

0.5927414 -0.7585506 0.270663 0
0.67941 0.6514103 0.3377377 0
0.4325036 0.01629982 -0.9014847 0
-0.2246462 0.9504576 1.596017 1

0.6606554 -0.7162647 0.2247211 0
0.6635496 0.6971761 0.2713812 0
0.3510509 0.03017588 -0.93587 0
-0.2034885 0.9287343 1.607525 1

0.6647131 -0.7123711 0.2251314 0
0.6054076 0.6901804 0.3963999 0
0.437765 0.1271957 -0.8900468 0
-0.2002499 0.9057327 1.634171 1

-0.829594 0.4516879 0.3282558 0
-0.5100999 -0.3739837 -0.7745545 0
0.2270944 0.810009 -0.5406603 0
-0.4068123 0.8397154 1.428563 1

-0.809905 -0.4845005 -0.3306257 0
-0.5836896 0.7214146 0.3726498 0
-0.05796908 -0.4947936 0.8670751 0
-0.350607 0.8756487 1.444695 1

-0.8205773 -0.4490275 -0.3535923 0
-0.56651 0.5571541 0.6071621 0
0.07562713 -0.6985372 0.7115665 0
-0.3198498 0.8935204 1.462907 1

-0.8032895 -0.4395898 -0.4018546 0
-0.586255 0.7025803 0.4033439 0
-0.1050292 -0.5595912 0.8220868 0
-0.2921574 0.9110033 1.467231 1

-0.7895592 -0.4864559 -0.3741084 0
-0.5837756 0.7833502 0.2134682 0
-0.189215 -0.3869411 0.9024824 0
-0.27783 0.9305775 1.473677 1

0.8795697 -0.07834291 -0.4692754 0
-0.4331504 -0.539898 -0.7217277 0
0.1968187 -0.8380768 0.5088123 0
-0.2611853 0.9773799 1.584859 1

0.5724869 -0.7593869 0.309177 0
0.02500375 0.393079 0.9191648 0
0.8195325 0.5184791 -0.2440201 0
-0.2824354 0.9580663 1.58852 1

0.5927414 -0.7585506 0.270663 0
0.67941 0.6514103 0.3377377 0
0.4325036 0.01629982 -0.9014847 0
-0.2063597 0.9679904 1.605108 1

0.6606554 -0.7162647 0.2247211 0
0.6635496 0.6971761 0.2713812 0
0.3510509 0.03017588 -0.93587 0
-0.1878739 0.9451401 1.613911 1

0.6647131 -0.7123711 0.2251314 0
0.6054076 0.6901804 0.3963999 0
0.437765 0.1271957 -0.8900468 0
-0.19049 0.9168592 1.640561 1

0.979575 -0.0315683 0.1985857 0
0.01842788 0.9975373 0.06767388 0
0.200233 0.06263214 -0.9777443 0
-0.2499724 0.8180675 1.766096 1

0.9754948 -0.01276333 0.2196518 0
0.01636208 0.9997599 -0.01457239 0
0.2194131 -0.01780925 -0.9754695 0
-0.2462144 0.8958279 1.759919 1

-0.9013203 -0.02746449 -0.432282 0
0.07364021 -0.9931756 -0.09044181 0
0.4268479 0.1133504 -0.8971915 0
-0.1685501 0.7673163 1.783396 1

-0.9974412 0.07139452 0.003767893 0
-0.06975543 -0.9602834 -0.2701673 0
0.01567021 0.2697388 -0.962806 0
-0.33468 0.7726698 1.749717 1

0.9742386 -0.007187068 0.2254052 0
0.002024427 0.9997305 0.02312659 0
0.2255106 0.0220745 -0.9739906 0
-0.2442466 1.016066 1.758166 1

-0.8185931 -0.1156186 -0.562617 0
-0.08390186 -0.9449539 0.3162643 0
0.568213 -0.3060963 -0.763832 0
-0.1445763 0.4439851 1.753952 1

-0.9797425 0.09828714 0.1744836 0
-0.09459129 -0.9950824 0.02939348 0
-0.1765145 -0.01229347 -0.9842213 0
-0.3573891 0.4600469 1.661763 1

0.9728104 -0.003340445 0.2315784 0
0.01405075 0.9989054 -0.04461523 0
0.2311759 -0.04665602 -0.9717925 0
-0.2440135 1.13117 1.760829 1

0.9742386 -0.007187068 0.2254052 0
0.01164429 0.9997619 -0.01845106 0
0.2252189 -0.02060041 -0.9740903 0
-0.1117262 0.9391539 1.8583 1

0.9742386 -0.007187068 0.2254052 0
0.01164429 0.9997619 -0.01845106 0
0.2252189 -0.02060041 -0.9740903 0
-0.4083445 0.9413421 1.789673 1

-0.7533318 -0.05770236 -0.6551045 0
0.4718849 -0.7412575 -0.4773491 0
0.4580569 0.6687363 -0.5856416 0
-0.1720771 0.1342543 1.857615 1

-0.9715047 0.02755831 0.2354133 0
-0.1808763 -0.7280692 -0.6612105 0
-0.1531754 0.6849498 -0.712307 0
-0.3883936 0.1338852 1.671398 1

0.9770284 -0.01425713 0.2126317 0
0.027714 0.9977869 -0.06044149 0
0.2112994 -0.06494595 -0.9752613 0
-0.2486436 1.316732 1.782956 1

0.4265552 -0.04073634 -0.9035437 0
-0.8393882 -0.3899001 -0.3786892 0
0.3368652 -0.9199558 0.2005074 0
-0.3157311 1.268691 1.796355 1

-0.005077615 0.07432237 0.9972213 0
0.9889708 -0.1472428 0.01600958 0
-0.1480236 -0.986304 0.07275499 0
-0.1952047 1.268297 1.8255 1

-0.9728109 0.00334399 -0.2315769 0
-0.2013274 -0.5064692 0.8384249 0
0.1144829 -0.8622515 -0.4933719 0
-0.2654923 1.323373 1.853829 1

0.9725823 0.03707765 0.2295837 0
0.1378937 -0.886888 -0.4409256 0
-0.1872665 -0.4604947 0.8676842 0
-0.1834894 1.293351 1.735644 1

0.9714454 -0.04375308 0.2331939 0
0.06980044 -0.8866541 -0.4571353 0
-0.2267634 -0.4603591 0.858282 0
-0.2856433 1.293702 1.711327 1

-0.7330543 -0.02725003 -0.6796242 0
0.6793575 0.0195029 -0.7335486 0
-0.03324388 0.9994387 -0.004215798 0
-0.0881099 0.002355039 1.772676 1

0.7859734 0.02909408 0.6175756 0
-0.02297664 0.9995769 -0.01784844 0
0.6178335 0.0001614373 -0.7863092 0
-0.1216765 0.1240041 1.81245 1

-0.964045 0.001678787 0.2657343 0
-0.2656938 -0.02465848 -0.9637421 0
-0.004934661 0.9996948 -0.02421782 0
-0.4205787 0.004332602 1.553742 1

0.9824935 -5.180016E-06 -0.1862982 0
0.004198516 0.9997472 0.02211422 0
-0.1862509 0.02250894 -0.9822444 0
-0.412076 0.1247903 1.607823 1

0.9994231 0.02349055 0.02452818 0
-0.02245431 0.998878 -0.04169993 0
0.02548021 -0.04112513 -0.9988289 0
-0.2439503 1.406371 1.767401 1

0.7283477 -0.008735064 -0.6851521 0
-0.2254542 -0.9472978 -0.2275908 0
0.6470549 -0.3202357 0.6919314 0
-0.3810019 1.238372 1.766908 1

0.6481597 0.2533293 0.718132 0
0.5855665 -0.7686902 -0.2573465 0
-0.4868276 -0.5873157 0.646575 0
-0.1183024 1.256848 1.826744 1

-0.9728109 0.00334399 -0.2315769 0
-0.2013274 -0.5064692 0.8384249 0
0.1144829 -0.8622515 -0.4933719 0
-0.2839644 1.276903 1.930756 1

0.9728105 -0.003340788 0.2315781 0
0.04834063 -0.9749443 -0.2171335 0
-0.2265011 -0.2224244 0.9482745 0
-0.1733356 1.228045 1.703177 1

0.9728103 -0.00334011 0.2315787 0
0.04834142 -0.9749443 -0.2171333 0
-0.2265016 -0.2224244 0.9482744 0
-0.2805036 1.228413 1.677666 1

-0.7330543 -0.02725003 -0.6796242 0
0.6793575 0.0195029 -0.7335486 0
-0.03324388 0.9994387 -0.004215798 0
-0.03664899 0.00383234 1.71711 1

-0.964045 0.001678787 0.2657343 0
-0.2656938 -0.02465848 -0.9637421 0
-0.004934661 0.9996948 -0.02421782 0
-0.4407049 0.002464592 1.480739 1

0.9994231 0.02349055 0.02452818 0
-0.02245431 0.998878 -0.04169993 0
0.02548021 -0.04112513 -0.9988289 0
-0.2540315 1.854832 1.748679 1

0.9994231 0.02349055 0.02452818 0
-0.02245431 0.998878 -0.04169993 0
0.02548021 -0.04112513 -0.9988289 0
-0.2452739 1.643696 1.509081 1

0.9994231 0.02349055 0.02452818 0
-0.02245431 0.998878 -0.04169993 0
0.02548021 -0.04112513 -0.9988289 0
-0.1727551 1.642503 1.527256 1

0.9994231 0.02349055 0.02452818 0
-0.02245431 0.998878 -0.04169993 0
0.02548021 -0.04112513 -0.9988289 0
-0.4184549 1.559105 1.911238 1

0.659185 0.6910056 -0.2966253 0
0.3831383 -0.6480438 -0.6582131 0
0.6470551 -0.3202356 0.6919313 0
-0.4307131 1.029499 1.716726 1

0.6221855 -0.7526976 -0.2152472 0
-0.6130937 -0.2975015 -0.7318532 0
-0.4868279 -0.5873152 0.6465753 0
0.0108113 1.087356 1.770001 1

0.9728105 -0.003340788 0.2315781 0
0.04834063 -0.9749443 -0.2171335 0
-0.2265011 -0.2224244 0.9482745 0
-0.1684972 1.130462 1.681444 1

0.9728103 -0.00334011 0.2315787 0
0.04834142 -0.9749443 -0.2171333 0
-0.2265016 -0.2224244 0.9482744 0
-0.2756651 1.13083 1.655933 1

-0.799576 -0.5633987 -0.2079908 0
0.4945437 -0.4211816 -0.7602844 0
-0.3407413 0.7107658 -0.6153919 0
-0.3425553 0.8803881 1.565275 1

0.659185 0.6910056 -0.2966253 0
0.3831383 -0.6480438 -0.6582131 0
0.6470551 -0.3202356 0.6919313 0
-0.405827 0.9874065 1.673973 1

0.5059174 -0.7704837 0.3878178 0
-0.6701054 -0.634165 -0.3857377 0
-0.5431449 0.06472752 0.8371403 0
-0.1302578 1.018903 1.601606 1

0.6221855 -0.7526976 -0.2152472 0
-0.6130937 -0.2975015 -0.7318532 0
-0.4868279 -0.5873152 0.6465753 0
-0.02901122 1.068033 1.722465 1

-0.8206321 0.4592803 0.3400359 0
-0.457064 -0.1703562 -0.8729669 0
0.3430092 0.871803 -0.3497204 0
-0.3572967 0.8626246 1.519397 1

-0.7481741 -0.605292 -0.2717664 0
0.008939877 0.4003603 -0.9163142 0
-0.6634423 0.6879922 0.2941281 0
-0.3192117 0.8181729 1.465844 1

-0.7448452 -0.5845737 -0.3216823 0
-0.03260572 0.5134234 -0.8575158 0
-0.6664403 0.6282276 0.4014814 0
-0.2864948 0.8326437 1.47909 1

-0.7462344 -0.5580172 -0.3629751 0
-0.02991386 0.5728263 -0.8191307 0
-0.6650108 0.6004055 0.4441553 0
-0.2611802 0.8493245 1.484195 1

-0.7427683 -0.5763832 -0.3407017 0
-0.1644092 0.6502833 -0.741688 0
-0.6490492 0.4948879 0.5777725 0
-0.2479889 0.8751968 1.491312 1

-0.1489788 -0.6531519 -0.742427 0
-0.9054327 -0.211701 0.3679327 0
0.3974886 -0.7270317 0.5598462 0
-0.1808186 1.022142 1.593195 1

0.4827318 -0.7779722 0.4021558 0
-0.8269935 -0.5560517 -0.08299497 0
-0.2881872 0.2925159 0.9118018 0
-0.2298597 0.9761676 1.551056 1

0.5640476 -0.7164212 0.4105985 0
-0.8217826 -0.4383879 0.3639907 0
0.08076926 0.5427307 0.8360142 0
-0.2062199 0.9470153 1.55788 1

0.6453336 -0.6716647 0.363884 0
-0.7459049 -0.451259 0.4898888 0
0.1648352 0.5875646 0.7922105 0
-0.1922975 0.9227511 1.568946 1

0.647267 -0.6732243 0.3575117 0
-0.7282153 -0.4075175 0.5510281 0
