MeshAnim
1
231
82
30
0.9795778 -0.03157648 0.1985703 0
0.01828987 0.9974908 0.06839341 0
0.2002316 0.06336485 -0.9776974 0
0.002028917 -0.1821256 -0.001796767 1

0.975503 -0.01270319 0.2196187 0
0.01646591 0.9997472 -0.0153109 0
0.2193687 -0.01855206 -0.9754656 0
0.005776245 -0.1043603 -0.007917382 1

-0.9013441 -0.02635971 -0.4323011 0
0.0731245 -0.9930788 -0.09191059 0
0.4268863 0.1144548 -0.897033 0
0.08345813 -0.2328781 0.01546758 1

-0.9973701 0.07236312 0.004116267 0
-0.07075881 -0.9598094 -0.2715873 0
0.01570204 0.2711642 -0.962405 0
-0.08267229 -0.2275232 -0.01820873 1

0.9742653 -0.005325118 0.2253413 0
0.0007148385 0.9997889 0.02053578 0
0.2254031 0.0198462 -0.9740634 0
0.007756544 0.01587594 -0.00975877 1

-0.8187146 -0.1146879 -0.5626308 0
-0.08546339 -0.9445971 0.3169111 0
0.5678052 -0.3075441 -0.7635535 0
0.107264 -0.5561777 -0.01445417 1

-0.9790352 0.09909591 0.1779617 0
-0.09525581 -0.9950004 0.03001582 0
-0.1800465 -0.01243468 -0.9835795 0
-0.105708 -0.5399918 -0.1066247 1

0.9728361 -0.001460612 0.2314903 0
0.01246786 0.9988593 -0.04609368 0
0.2311589 -0.04772778 -0.9717447 0
0.007838846 0.1309868 -0.00739438 1

0.9742653 -0.005325118 0.2253413 0
0.0103313 0.9997252 -0.02104263 0
0.2251673 -0.02282918 -0.9740527 0
0.1403858 -0.06060219 0.09056299 1

0.9742653 -0.005325118 0.2253413 0
0.0103313 0.9997252 -0.02104263 0
0.2251673 -0.02282918 -0.9740527 0
-0.1562407 -0.05898088 0.02195519 1

-0.7534672 -0.05701083 -0.6550093 0
0.4713293 -0.7414204 -0.4776453 0
0.4584061 0.6686151 -0.5855064 0
0.07925138 -0.8657916 0.08942088 1

-0.9714928 0.02755592 0.2354629 0
-0.1808954 -0.7281274 -0.6611413 0
-0.1532286 0.6848882 -0.7123547 0
-0.1369304 -0.8661266 -0.09678635 1

0.9770689 -0.01239845 0.2125618 0
0.0261312 0.9977391 -0.06191883 0
0.2113135 -0.06605348 -0.9751838 0
0.002917541 0.316574 0.01445834 1

0.42652 -0.04139598 -0.9035304 0
-0.8388103 -0.3917904 -0.3780181 0
0.3383461 -0.9191228 0.2018299 0
-0.0640927 0.2684468 0.02793495 1

-0.005102247 0.07578898 0.9971107 0
0.9892038 -0.1456559 0.01613292 0
-0.1464578 -0.9864281 0.07422757 0
0.05643694 0.2682867 0.05706859 1

-0.9728364 0.001464151 -0.2314887 0
-0.2004486 -0.5055462 0.8391922 0
0.1157996 -0.8627983 -0.4921073 0
-0.01393501 0.3232927 0.08532346 1

0.9725439 0.03895408 0.2294358 0
0.1392542 -0.88732 -0.4396268 0
-0.1864577 -0.4595063 0.8683822 0
0.06810424 0.2932258 -0.03282454 1

0.9715351 -0.04187291 0.2331657 0
0.07115913 -0.8872178 -0.4558303 0
-0.2259557 -0.459447 0.8589835 0
-0.03405241 0.2933791 -0.05713312 1

-0.7331735 -0.02656426 -0.6795227 0
0.6792604 0.01928246 -0.7336441 0
-0.03259164 0.9994614 -0.003906585 0
0.1631197 -0.9977199 0.004428697 1

0.7860845 0.02839266 0.6174667 0
-0.02232636 0.9995971 -0.01754069 0
0.6177159 -2.791174E-06 -0.7864013 0
0.1296386 -0.8760611 0.0442447 1

-0.964031 0.001679072 0.2657855 0
-0.2657447 -0.02474322 -0.9637259 0
-0.004958216 0.9996926 -0.02429931 0
-0.1691189 -0.9956897 -0.2144298 1

0.9824837 1.454726E-06 -0.1863506 0
0.004177416 0.9997489 0.02203215 0
-0.1863039 0.02242447 -0.9822362 0
-0.160616 -0.8752272 -0.1603586 1

0.9994015 0.02448322 0.02443957 0
-0.02341485 0.9987971 -0.04308322 0
0.025465 -0.04248519 -0.9987727 0
0.007467721 0.4061971 -0.001229588 1

0.7278703 -0.006470915 -0.6856842 0
-0.2233179 -0.9476779 -0.2281139 0
0.6483316 -0.3191628 0.6912317 0
-0.1293185 0.2379813 -0.001459688 1

0.6496258 0.2546757 0.7163287 0
0.585871 -0.7681685 -0.2582098 0
-0.4845014 -0.5874159 0.6482291 0
0.1333573 0.2569606 0.05832309 1

-0.9728364 0.001464151 -0.2314887 0
-0.2004486 -0.5055462 0.8391922 0
0.1157996 -0.8627983 -0.4921073 0
-0.03232652 0.2769079 0.1623208 1

0.9728361 -0.001460951 0.23149 0
0.04986122 -0.9751868 -0.2156962 0
-0.2260611 -0.2213794 0.9486241 0
0.07835819 0.2278881 -0.06519636 1

0.972836 -0.001460269 0.2314906 0
0.04986201 -0.9751867 -0.215696 0
-0.2260616 -0.2213794 0.948624 0
-0.02881262 0.228049 -0.09069808 1

-0.7331735 -0.02656426 -0.6795227 0
0.6792604 0.01928246 -0.7336441 0
-0.03259164 0.9994614 -0.003906585 0
0.2145733 -0.9962593 -0.05114446 1

-0.964031 0.001679072 0.2657855 0
-0.2657447 -0.02474322 -0.9637259 0
-0.004958216 0.9996926 -0.02429931 0
-0.1892489 -0.9975639 -0.2874316 1

0.9994015 0.02448322 0.02443957 0
-0.02341485 0.9987971 -0.04308322 0
0.025465 -0.04248519 -0.9987727 0
-0.003044727 0.8546221 -0.02057244 1

0.9994015 0.02448322 0.02443957 0
-0.02341485 0.9987971 -0.04308322 0
0.025465 -0.04248519 -0.9987727 0
0.005902362 0.6431628 -0.2598775 1

0.9994015 0.02448322 0.02443957 0
-0.02341485 0.9987971 -0.04308322 0
0.025465 -0.04248519 -0.9987727 0
0.07842323 0.6420646 -0.2417051 1

0.9994015 0.02448322 0.02443957 0
-0.02341485 0.9987971 -0.04308322 0
0.025465 -0.04248519 -0.9987727 0
-0.1671754 0.5589631 0.1424056 1

0.6586462 0.6905252 -0.2989319 0
0.3819048 -0.649084 -0.6579049 0
0.6483316 -0.3191627 0.6912316 0
-0.1785587 0.02902424 -0.05175737 1

0.6236039 -0.7515965 -0.2149898 0
-0.6134952 -0.3000754 -0.7304645 0
-0.4845015 -0.5874158 0.6482292 0
0.2625382 0.08758426 0.001389432 1

0.9728361 -0.001460951 0.23149 0
0.04986122 -0.9751868 -0.2156962 0
-0.2260611 -0.2213794 0.9486241 0
0.08334883 0.1302813 -0.08678547 1

0.972836 -0.001460269 0.2314906 0
0.04986201 -0.9751867 -0.215696 0
-0.2260616 -0.2213794 0.948624 0
-0.02382192 0.1304423 -0.1122872 1

-0.7985275 -0.5647744 -0.2082886 0
0.4958608 -0.4209725 -0.7595421 0
-0.341286 0.7097974 -0.6162077 0
-0.09068473 -0.1203262 -0.2031372 1

0.6586462 0.6905252 -0.2989319 0
0.3819048 -0.649084 -0.6579049 0
0.6483316 -0.3191627 0.6912316 0
-0.1537527 -0.01313603 -0.09449052 1

0.5067561 -0.7694293 0.3888147 0
-0.6687918 -0.6354679 -0.385873 0
-0.5439812 0.06449259 0.8366153 0
0.1213767 0.01853871 -0.166686 1

0.6236039 -0.7515965 -0.2149898 0
-0.6134952 -0.3000754 -0.7304645 0
-0.4845015 -0.5874158 0.6482292 0
0.2226896 0.0680933 -0.04605675 1

-0.8216353 0.4582673 0.3389784 0
-0.4560304 -0.171688 -0.8732468 0
0.3419819 0.8720747 -0.3500488 0
-0.1053583 -0.1381454 -0.2490153 1

-0.747005 -0.6066349 -0.2719885 0
0.009136572 0.399711 -0.9165957 0
-0.6647558 0.6871867 0.2930434 0
-0.06715783 -0.1825774 -0.3025025 1

-0.7436636 -0.5859473 -0.3219162 0
-0.03263423 0.5127528 -0.8579161 0
-0.6677571 0.6274953 0.4004374 0
-0.03447494 -0.1680469 -0.2892377 1

-0.745057 -0.5594231 -0.3632297 0
-0.03006744 0.5721875 -0.8195716 0
-0.6663226 0.5997063 0.4431326 0
-0.009190432 -0.1513237 -0.2841226 1

-0.7415827 -0.5777676 -0.3409399 0
-0.1647497 0.649494 -0.742304 0
-0.6503174 0.4943099 0.5768403 0
0.003954836 -0.125426 -0.277013 1

-0.1473225 -0.6539105 -0.7420898 0
-0.9054308 -0.2128268 0.3672869 0
0.3981094 -0.7260206 0.5607166 0
0.07081835 0.02169383 -0.175144 1

0.4835695 -0.7769431 0.4031377 0
-0.8260663 -0.557379 -0.0833246 0
-0.289439 0.2927251 0.911338 0
0.02188502 -0.02438563 -0.2172933 1

0.5647834 -0.7152614 0.4116078 0
-0.8214298 -0.4393879 0.3635809 0
0.07919985 0.5434515 0.835696 0
0.04556347 -0.05349672 -0.2104279 1

0.6460417 -0.6704134 0.364933 0
-0.7456436 -0.4520525 0.4895554 0
0.1632355 0.588383 0.7919341 0
0.0595133 -0.07773173 -0.1993318 1

0.6479831 -0.6719747 0.3585635 0
-0.728075 -0.4082402 0.5506784 0
0.2236619 0.6178914 0.7537808 0
0.07484377 -0.09177649 -0.1769591 1

-0.8230081 0.4549474 0.3401185 0
-0.4452605 -0.1449062 -0.883598 0
0.3527055 0.8786496 -0.321829 0
-0.123617 -0.1450195 -0.2839785 1

-0.7865759 -0.5164964 -0.338423 0
-0.5509569 0.834505 0.006946154 0
-0.2788279 -0.1919202 0.9409685 0
-0.06685789 -0.1694545 -0.3325953 1

-0.7735271 -0.5107471 -0.3752244 0
-0.5098068 0.8531811 -0.1103615 0
-0.3765009 -0.1059247 0.9203408 0
-0.03558791 -0.1505594 -0.3184971 1

-0.7756928 -0.478755 -0.4112113 0
-0.5131072 0.8577731 -0.03076196 0
-0.3674533 -0.1871337 0.9110209 0
-0.01011402 -0.1337475 -0.3092977 1

-0.7759873 -0.5058526 -0.3767716 0
-0.5465897 0.8373994 0.001449645 0
-0.3147749 -0.2070645 0.9263051 0
-0.0007596829 -0.1068397 -0.2982553 1

0.3783126 -0.4187474 -0.8255483 0
-0.8274928 -0.5527062 -0.09885152 0
0.4148917 -0.7205321 0.5556064 0
0.03456659 0.01317263 -0.1604385 1

0.5322307 -0.7519993 0.3888797 0
-0.786503 -0.2692228 0.5558165 0
0.3132783 0.6016778 0.7347385 0
-0.005235589 -0.04268491 -0.220029 1

0.6175779 -0.7272922 0.2994049 0
0.2848603 0.5616655 0.7767796 0
0.7331112 0.3944333 -0.554049 0
0.01754843 -0.06848216 -0.1980279 1

0.6846474 -0.6852531 0.248367 0
0.3462002 0.6055939 0.7165205 0
0.6414073 0.4045793 -0.651853 0
0.03674635 -0.09153438 -0.1843841 1

0.6880499 -0.6672071 0.2853452 0
-0.09101126 0.3107726 0.946117 0
0.7199333 0.6769454 -0.1531036 0
0.05400876 -0.1034589 -0.1612006 1

-0.8302428 0.4510078 0.3275496 0
-0.5092661 -0.3748731 -0.774673 0
0.2265939 0.8099768 -0.5409188 0
-0.1411988 -0.1507414 -0.3188689 1

-0.8092206 -0.4854783 -0.3308671 0
-0.584637 0.7210042 0.3719576 0
-0.05797921 -0.4944329 0.8672801 0
-0.08517075 -0.141717 -0.3323644 1

-0.8199151 -0.4500272 -0.3538572 0
-0.5674296 0.5568745 0.6065594 0
0.07591423 -0.6981165 0.7119486 0
-0.05247386 -0.1223001 -0.3221525 1

-0.8026087 -0.4405954 -0.4021138 0
-0.5872016 0.7021821 0.4026592 0
-0.1049474 -0.5592998 0.8222957 0
-0.02702527 -0.1054765 -0.3103117 1

-0.7888471 -0.4874341 -0.3743369 0
-0.5846921 0.7828628 0.212746 0
-0.1893548 -0.3866961 0.9025581 0
-0.01641057 -0.0828619 -0.2982137 1

0.8799235 -0.0776782 -0.4687223 0
-0.4321811 -0.5406819 -0.7217221 0
0.1973675 -0.8376333 0.5093299 0
0.001891625 -0.008651853 -0.1643419 1

0.573073 -0.7586592 0.309877 0
0.02406734 0.3935447 0.9189906 0
0.819151 0.5191907 -0.2437887 0
-0.0313776 -0.05163342 -0.2015546 1

0.5933492 -0.757821 0.2713744 0
0.678553 0.6522589 0.3378229 0
0.4330154 0.01630494 -0.9012391 0
0.02698364 -0.04987854 -0.1722993 1

0.6612471 -0.7154882 0.225452 0
0.6626851 0.6979769 0.2714351 0
0.351569 0.0300821 -0.9356785 0
0.04815659 -0.07157487 -0.1607686 1

0.6653007 -0.7115905 0.2258628 0
0.604477 0.6909822 0.3964231 0
0.4381579 0.1272116 -0.8898511 0
0.05140278 -0.09456044 -0.1341099 1

-0.8302428 0.4510078 0.3275496 0
-0.5092661 -0.3748731 -0.774673 0
0.2265939 0.8099768 -0.5409188 0
-0.1549777 -0.1608841 -0.3398287 1

-0.8092206 -0.4854783 -0.3308671 0
-0.584637 0.7210042 0.3719576 0
-0.05797921 -0.4944329 0.8672801 0
-0.09881818 -0.1248863 -0.3236817 1

-0.8199151 -0.4500272 -0.3538572 0
-0.5674296 0.5568745 0.6065594 0
0.07591423 -0.6981165 0.7119486 0
-0.06808979 -0.1069747 -0.3054598 1

-0.8026087 -0.4405954 -0.4021138 0
-0.5872016 0.7021821 0.4026592 0
-0.1049474 -0.5592998 0.8222957 0
-0.04041764 -0.08946174 -0.3011281 1

-0.7888471 -0.4874341 -0.3743369 0
-0.5846921 0.7828628 0.212746 0
-0.1893548 -0.3866961 0.9025581 0
-0.02611377 -0.06986994 -0.2946831 1

0.8799235 -0.0776782 -0.4687223 0
-0.4321811 -0.5406819 -0.7217221 0
0.1973675 -0.8376333 0.5093299 0
-0.009576018 -0.02299857 -0.1834923 1

0.573073 -0.7586592 0.309877 0
0.02406734 0.3935447 0.9189906 0
0.819151 0.5191907 -0.2437887 0
-0.03080875 -0.04233187 -0.1798338 1

0.5933492 -0.757821 0.2713744 0
0.678553 0.6522589 0.3378229 0
0.4330154 0.01630494 -0.9012391 0
0.04524707 -0.03232276 -0.1632067 1

0.6612471 -0.7154882 0.225452 0
0.6626851 0.6979769 0.2714351 0
0.351569 0.0300821 -0.9356785 0
0.0637508 -0.05515021 -0.1543812 1

0.6653007 -0.7115905 0.2258628 0
0.604477 0.6909822 0.3964231 0
0.4381579 0.1272116 -0.8898511 0
0.06114769 -0.08342099 -0.1277191 1

0.9795768 -0.03157227 0.198576 0
0.01833447 0.9975064 0.06815284 0
0.2002325 0.06312015 -0.977713 0
0.001816767 -0.182068 -0.0019352 1

0.9755006 -0.01271405 0.2196291 0
0.01642103 0.9997517 -0.01506098 0
0.2193831 -0.01829854 -0.9754672 0
0.005567551 -0.1043043 -0.008074576 1

-0.9013321 -0.02673517 -0.4323028 0
0.07329918 -0.9931123 -0.09140791 0
0.4268814 0.1140763 -0.8970836 0
0.08324374 -0.2328199 0.01534122 1

-0.9973939 0.07204096 0.003998116 0
-0.07042404 -0.9599602 -0.2711412 0
0.01569517 0.270716 -0.9625313 0
-0.08288651 -0.2274657 -0.01833605 1

0.9742558 -0.005941357 0.2253669 0
0.001144839 0.9997702 0.02140787 0
0.2254423 0.02059873 -0.9740387 0
0.007542452 0.01593244 -0.009885907 1

-0.8186678 -0.1150022 -0.5626345 0
-0.08496982 -0.9447014 0.3167327 0
0.5679464 -0.3071058 -0.7636249 0
0.1071065 -0.5561304 -0.01441688 1

-0.9792715 0.09883131 0.1768055 0
-0.09502247 -0.9950262 0.02990252 0
-0.1788813 -0.01248228 -0.9837915 0
-0.1058132 -0.5399835 -0.1066068 1

0.9728279 -0.002080413 0.23152 0
0.01298757 0.9988755 -0.04559691 0
0.2311648 -0.04736484 -0.9717609 0
0.007674264 0.1310412 -0.007421109 1

0.9742558 -0.005941357 0.2253669 0
0.01076259 0.9997386 -0.02017027 0
0.2251882 -0.02207655 -0.9740651 0
0.1401356 -0.06069028 0.09037323 1

0.9742558 -0.005941357 0.2253669 0
0.01076259 0.9997386 -0.02017027 0
0.2251882 -0.02207655 -0.9740651 0
-0.156488 -0.05888134 0.02175763 1

-0.7534204 -0.05723295 -0.6550438 0
0.4714947 -0.7413906 -0.477528 0
0.4583129 0.668629 -0.5855637 0
0.07925565 -0.8657784 0.08939971 1

-0.9714881 0.02755794 0.235482 0
-0.1809067 -0.7281412 -0.661123 0
-0.153245 0.6848735 -0.7123656 0
-0.1369591 -0.8661268 -0.09680554 1

0.9770557 -0.01301106 0.2125859 0
0.02665086 0.9977561 -0.06142229 0
0.2113097 -0.06567861 -0.97521 0
0.002848562 0.3166201 0.01452368 1

0.4265286 -0.04116855 -0.9035366 0
-0.8390011 -0.3911664 -0.3782407 0
0.3378615 -0.9193987 0.2013843 0
-0.06418707 0.268521 0.02797428 1

-0.005094394 0.07529613 0.9971482 0
0.9891275 -0.1461772 0.01609151 0
-0.1469719 -0.9863887 0.07373278 0
0.05634156 0.2682838 0.0571116 1

-0.9728283 0.002083955 -0.2315184 0
-0.2007373 -0.5058591 0.8389345 0
0.1153674 -0.8626137 -0.4925323 0
-0.01400274 0.3233123 0.0853916 1

0.9725567 0.03833545 0.2294856 0
0.1388077 -0.8871737 -0.4400633 0
-0.1867235 -0.459841 0.8681479 0
0.06802462 0.2932615 -0.03276874 1

0.9715058 -0.04249287 0.2331752 0
0.07071317 -0.887028 -0.4562689 0
-0.2262211 -0.4597566 0.8587479 0
-0.03413116 0.2934799 -0.05708045 1

-0.7331311 -0.02678559 -0.6795598 0
0.6792971 0.01931956 -0.7336091 0
-0.03277895 0.9994547 -0.004031589 0
0.1631534 -0.9977016 0.004428378 1

0.7860451 0.02861628 0.6175066 0
-0.02251296 0.9995905 -0.01766515 0
0.6177593 1.626648E-05 -0.7863674 0
0.1296473 -0.8760442 0.04422756 1

-0.9640256 0.001681704 0.2658049 0
-0.2657641 -0.02476338 -0.96372 0
-0.00496152 0.9996923 -0.02431937 0
-0.1691496 -0.9956922 -0.2144458 1

0.9824799 4.768372E-07 -0.1863705 0
0.004175058 0.9997496 0.02201195 0
-0.1863238 0.02240416 -0.982233 0
-0.160646 -0.8752286 -0.1603771 1

0.9994084 0.02416321 0.02447233 0
-0.02310592 0.998825 -0.04260143 0
0.02547298 -0.04201078 -0.9987924 0
0.007445738 0.4062486 -0.001119578 1

0.728027 -0.007210968 -0.6855104 0
-0.2240163 -0.9475542 -0.2279428 0
0.6479144 -0.3195142 0.6914606 0
-0.1294277 0.2381039 -0.001437673 1

0.6491365 0.2542281 0.7169307 0
0.5857741 -0.7683382 -0.257925 0
-0.4852736 -0.587388 0.6476764 0
0.133256 0.2569172 0.05836288 1

-0.9728283 0.002083955 -0.2315184 0
-0.2007373 -0.5058591 0.8389345 0
0.1153674 -0.8626137 -0.4925323 0
-0.03242074 0.2768989 0.1623653 1

0.9728279 -0.002080752 0.2315196 0
0.04936203 -0.9751052 -0.2161791 0
-0.2262058 -0.2217335 0.9485069 0
0.0782457 0.2279346 -0.06517272 1

0.9728278 -0.002080074 0.2315203 0
0.04936282 -0.9751052 -0.216179 0
-0.2262063 -0.2217335 0.9485068 0
-0.02892421 0.2281638 -0.09067772 1

-0.7331311 -0.02678559 -0.6795598 0
0.6792971 0.01931956 -0.7336091 0
-0.03277895 0.9994547 -0.004031589 0
0.2146098 -0.9962381 -0.05114211 1

-0.9640256 0.001681704 0.2658049 0
-0.2657641 -0.02476338 -0.96372 0
-0.00496152 0.9996923 -0.02431937 0
-0.1892811 -0.997568 -0.2874471 1

0.9994084 0.02416321 0.02447233 0
-0.02310592 0.998825 -0.04260143 0
0.02547298 -0.04201078 -0.9987924 0
-0.002928009 0.8546861 -0.02024614 1

0.9994084 0.02416321 0.02447233 0
-0.02310592 0.998825 -0.04260143 0
0.02547298 -0.04201078 -0.9987924 0
0.005958925 0.6433396 -0.2596531 1

0.9994084 0.02416321 0.02447233 0
-0.02310592 0.998825 -0.04260143 0
0.02547298 -0.04201078 -0.9987924 0
0.07847906 0.6422102 -0.2414797 1

0.9994084 0.02416321 0.02447233 0
-0.02310592 0.998825 -0.04260143 0
0.02547298 -0.04201078 -0.9987924 0
-0.1671533 0.5589988 0.1425858 1

0.6588185 0.6906899 -0.2981703 0
0.3823151 -0.6487359 -0.6580098 0
0.6479144 -0.3195141 0.6914605 0
-0.1788219 0.02917421 -0.05169763 1

0.6231358 -0.7519598 -0.2150772 0
-0.6133605 -0.2992192 -0.730929 0
-0.4852738 -0.5873878 0.6476765 0
0.2624155 0.08750343 0.001492052 1

0.9728279 -0.002080752 0.2315196 0
0.04936203 -0.9751052 -0.2161791 0
-0.2262058 -0.2217335 0.9485069 0
0.08318636 0.130336 -0.08681015 1

0.9728278 -0.002080074 0.2315203 0
0.04936282 -0.9751052 -0.216179 0
-0.2262063 -0.2217335 0.9485068 0
-0.02398347 0.1305652 -0.1123151 1

-0.7988701 -0.5643252 -0.2081916 0
0.4954283 -0.421036 -0.7597891 0
-0.3411118 0.710117 -0.6159358 0
-0.09085352 -0.1200961 -0.2031017 1

0.6588185 0.6906899 -0.2981703 0
0.3823151 -0.6487359 -0.6580098 0
0.6479144 -0.3195141 0.6914605 0
-0.1539892 -0.01296347 -0.09443761 1

0.5064853 -0.7697759 0.3884812 0
-0.6692219 -0.6350408 -0.385831 0
-0.5437047 0.06456252 0.8367897 0
0.121285 0.01865482 -0.1666902 1

0.6231358 -0.7519598 -0.2150772 0
-0.6133605 -0.2992192 -0.730929 0
-0.4852738 -0.5873878 0.6476765 0
0.2225756 0.06806815 -0.04598427 1

-0.8213072 0.4585954 0.3393298 0
-0.4563715 -0.1712488 -0.8731545 0
0.3423147 0.8719888 -0.3499377 0
-0.1055495 -0.137897 -0.2489797 1

-0.7473873 -0.6061959 -0.2719167 0
0.009067833 0.3999283 -0.9165018 0
-0.6643267 0.6874474 0.2934043 0
-0.06738682 -0.182335 -0.3024889 1

-0.7440501 -0.5854983 -0.3218404 0
-0.03262936 0.5129766 -0.8577822 0
-0.6673263 0.6277316 0.4007847 0
-0.03469277 -0.1678241 -0.2892302 1

-0.7454425 -0.5589632 -0.3631468 0
-0.03002171 0.5724008 -0.8194243 0
-0.6658933 0.5999316 0.4434729 0
-0.009398443 -0.1511146 -0.2841184 1

-0.7419707 -0.5773149 -0.3408626 0
-0.1646427 0.649756 -0.7420984 0
-0.6499016 0.4944946 0.5771505 0
0.003761853 -0.1252253 -0.2770064 1

-0.1478657 -0.6536578 -0.7422046 0
-0.9054297 -0.2124633 0.3675 0
0.3979105 -0.7263546 0.5604253 0
0.07072582 0.02183723 -0.1751327 1

0.4832991 -0.7772816 0.4028092 0
-0.8263688 -0.5569465 -0.08321787 0
-0.2890267 0.29265 0.9114931 0
0.02175715 -0.02420753 -0.2172789 1

0.5645463 -0.7156424 0.4112705 0
-0.8215431 -0.4390655 0.363715 0
0.07971525 0.5432104 0.8358039 0
0.04542305 -0.05333209 -0.2104274 1

0.6458134 -0.6708239 0.3645827 0
-0.7457264 -0.4517984 0.489664 0
0.1637605 0.5881105 0.7920284 0
0.05936401 -0.07757676 -0.1993412 1

0.6477522 -0.6723849 0.3582123 0
-0.7281179 -0.4080095 0.5507928 0
0.2241906 0.6175979 0.7538645 0
0.074694 -0.09163463 -0.1769764 1

-0.8226812 0.4552758 0.3404695 0
-0.4455914 -0.1444699 -0.8835026 0
0.3530498 0.8785514 -0.3217195 0
-0.1238218 -0.1447534 -0.2839392 1

-0.7869324 -0.5160215 -0.3383176 0
-0.5505381 0.8347782 0.007309504 0
-0.2786482 -0.1920089 0.9410037 0
-0.06708914 -0.169205 -0.3325785 1

-0.7738917 -0.5102701 -0.3751216 0
-0.5094131 0.853462 -0.1100056 0
-0.3762844 -0.1059597 0.9204252 0
-0.03580561 -0.1503289 -0.318485 1

-0.7760518 -0.478268 -0.4110999 0
-0.5126878 0.8580366 -0.03040401 0
-0.3672799 -0.187171 0.911083 0
-0.01032061 -0.133532 -0.3092891 1

-0.77635 -0.5053739 -0.3766667 0
-0.546171 0.8376716 0.001812473 0
-0.3146071 -0.2071317 0.926347 0
-0.000949682 -0.1066315 -0.2982427 1

0.3778625 -0.4187373 -0.8257598 0
-0.8277977 -0.5522689 -0.09874319 0
0.4146941 -0.7208732 0.5553114 0
0.03447406 0.0133307 -0.1604187 1

0.5319687 -0.7523587 0.3885431 0
-0.7864752 -0.2689642 0.5559812 0
0.3137933 0.601344 0.7347922 0
-0.005373401 -0.04249269 -0.220011 1

0.6173018 -0.7276729 0.2990493 0
0.2853676 0.561336 0.7768318 0
0.7331463 0.3942007 -0.554168 0
0.01740416 -0.06830657 -0.1980228 1

0.6843777 -0.6856548 0.2480019 0
0.3467119 0.6052482 0.7165652 0
0.6414191 0.4044162 -0.6519426 0
0.03659457 -0.09137172 -0.1843901 1

0.6878 -0.6676193 0.2849834 0
-0.09057977 0.3105898 0.9462186 0
0.7202266 0.6766228 -0.1531506 0
0.05385776 -0.1033104 -0.1612146 1

-0.8299216 0.4513428 0.3279018 0
-0.5096799 -0.3744313 -0.7746145 0
0.2268398 0.8099946 -0.5407889 0
-0.1414167 -0.1504581 -0.3188258 1

-0.8095596 -0.4849942 -0.3307477 0
-0.5841682 0.7212058 0.3723032 0
-0.05797218 -0.4946139 0.8671772 0
-0.08538806 -0.1414583 -0.3323356 1

-0.820243 -0.4495322 -0.353726 0
-0.5669739 0.5570108 0.6068603 0
0.07577404 -0.6983267 0.7117574 0
-0.05267853 -0.1220604 -0.3221287 1

-0.802946 -0.4400972 -0.4019855 0
-0.586733 0.7023776 0.4030011 0
-0.1049858 -0.5594463 0.8221908 0
-0.02721807 -0.1052523 -0.3102911 1

-0.7891998 -0.4869497 -0.3742239 0
-0.5842389 0.7831031 0.2131068 0
-0.1892837 -0.3868201 0.9025199 0
-0.01658849 -0.08264595 -0.2981908 1

0.8797476 -0.0780046 -0.468998 0
-0.4326617 -0.5402918 -0.7217262 0
0.1970979 -0.8378544 0.5090703 0
0.001787076 -0.008476615 -0.1643177 1

0.5727846 -0.75902 0.3095267 0
0.02453221 0.393311 0.9190784 0
0.819339 0.5188405 -0.2439028 0
-0.03151454 -0.05143261 -0.2015312 1

0.5930499 -0.7581826 0.2710184 0
0.6789774 0.6518385 0.3377821 0
0.4327604 0.01630608 -0.9013613 0
0.02685616 -0.04971391 -0.1722924 1

0.6609556 -0.7158728 0.2250863 0
0.6631129 0.6975803 0.2714099 0
0.3513107 0.03013222 -0.935774 0
0.04802167 -0.07142359 -0.1607732 1

0.6650113 -0.7119771 0.225497 0
0.6049377 0.6905845 0.396413 0
0.4379616 0.1272075 -0.8899482 0
0.05126414 -0.0944171 -0.134121 1

-0.8299216 0.4513428 0.3279018 0
-0.5096799 -0.3744313 -0.7746145 0
0.2268398 0.8099946 -0.5407889 0
-0.1552068 -0.1605889 -0.3397841 1

-0.8095596 -0.4849942 -0.3307477 0
-0.5841682 0.7212058 0.3723032 0
-0.05797218 -0.4946139 0.8671772 0
-0.09902462 -0.1246229 -0.3236448 1

-0.820243 -0.4495322 -0.353726 0
-0.5669739 0.5570108 0.6068603 0
0.07577404 -0.6983267 0.7117574 0
-0.06828189 -0.1067312 -0.3054276 1

-0.802946 -0.4400972 -0.4019855 0
-0.586733 0.7023776 0.4030011 0
-0.1049858 -0.5594463 0.8221908 0
-0.04059976 -0.0892331 -0.3010999 1

-0.7891998 -0.4869497 -0.3742239 0
-0.5842389 0.7831031 0.2131068 0
-0.1892837 -0.3868201 0.9025199 0
-0.02628425 -0.06964993 -0.2946542 1

0.8797476 -0.0780046 -0.468998 0
-0.4326617 -0.5402918 -0.7217262 0
0.1970979 -0.8378544 0.5090703 0
-0.009693374 -0.02281302 -0.1834684 1

0.5727846 -0.75902 0.3095267 0
0.02453221 0.393311 0.9190784 0
0.819339 0.5188405 -0.2439028 0
-0.03093466 -0.04213643 -0.1798082 1

0.5930499 -0.7581826 0.2710184 0
0.6789774 0.6518385 0.3377821 0
0.4327604 0.01630608 -0.9013613 0
0.04513102 -0.03216946 -0.1632009 1

0.6609556 -0.7158728 0.2250863 0
0.6631129 0.6975803 0.2714099 0
0.3513107 0.03013222 -0.935774 0
0.06362589 -0.05500823 -0.1543864 1

0.6650113 -0.7119771 0.225497 0
0.6049377 0.6905845 0.396413 0
0.4379616 0.1272075 -0.8899482 0
0.06101644 -0.08328414 -0.1277303 1

0.9795759 -0.03156966 0.1985808 0
0.01838061 0.9975219 0.06791307 0
0.2002327 0.06287597 -0.9777287 0
0.001610283 -0.1820034 -0.002071422 1

0.9754979 -0.01273428 0.2196398 0
0.01638654 0.9997559 -0.01481455 0
0.2193976 -0.0180507 -0.9754685 0
0.00536463 -0.1042413 -0.008229494 1

-0.9013245 -0.02710316 -0.4322959 0
0.07347062 -0.9931446 -0.09091811 0
0.4268681 0.1137078 -0.8971366 0
0.08303497 -0.2327549 0.01521697 1

-0.9974174 0.07171811 0.003882438 0
-0.07008974 -0.9601185 -0.2706662 0
0.01568405 0.2702393 -0.9626655 0
-0.08309513 -0.2274012 -0.01846112 1

0.974247 -0.006562313 0.2253878 0
0.001581602 0.9997507 0.02227187 0
0.2254778 0.02134183 -0.9740145 0
0.007335384 0.01599598 -0.01001119 1

-0.8186278 -0.1153121 -0.5626294 0
-0.08444826 -0.9448209 0.3165156 0
0.568082 -0.3066216 -0.7637185 0
0.1069535 -0.5560759 -0.01438168 1

-0.9795072 0.0985615 0.1756457 0
-0.09480156 -0.9950534 0.02969123 0
-0.1777033 -0.01243135 -0.9840056 0
-0.105913 -0.5399704 -0.1065772 1

0.9728195 -0.002707357 0.2315491 0
0.01351545 0.9988909 -0.04510383 0
0.2311701 -0.04700737 -0.9717771 0
0.007517482 0.1311024 -0.007446914 1

0.974247 -0.006562313 0.2253878 0
0.01120047 0.9997509 -0.01930603 0
0.225205 -0.02133329 -0.9740778 0
0.1398923 -0.06077141 0.09018525 1

0.974247 -0.006562313 0.2253878 0
0.01120047 0.9997509 -0.01930603 0
0.225205 -0.02133329 -0.9740778 0
-0.1567287 -0.0587734 0.02156328 1

-0.7533752 -0.05746371 -0.6550754 0
0.4716806 -0.7413357 -0.4774297 0
0.4581959 0.6686701 -0.5856082 0
0.07927364 -0.8657632 0.08936374 1

-0.9714922 0.02755876 0.2354645 0
-0.1808999 -0.7281205 -0.6611474 0
-0.1532261 0.6848951 -0.7123486 0
-0.1369865 -0.8661225 -0.09684524 1

0.9770423 -0.01363094 0.2126088 0
0.02717871 0.9977722 -0.06092957 0
0.2113046 -0.06530922 -0.9752359 0
0.002788905 0.3166729 0.01458926 1

0.42654 -0.04094863 -0.9035414 0
-0.8391942 -0.3905361 -0.3784642 0
0.3373678 -0.9196764 0.2009431 0
-0.06427249 0.2686026 0.02801405 1

-0.005085826 0.07480698 0.9971851 0
0.9890499 -0.1467064 0.01605004 0
-0.1474941 -0.9863473 0.0732417 0
0.05625509 0.2682875 0.05715499 1

-0.9728197 0.002710892 -0.2315475 0
-0.2010302 -0.506167 0.8386788 0
0.1149281 -0.8624313 -0.4929542 0
-0.01406108 0.3233391 0.08545996 1

0.9725697 0.03770963 0.2295346 0
0.1383538 -0.8870295 -0.4404965 0
-0.1869929 -0.4601707 0.8679152 0
0.06795413 0.2933034 -0.03271267 1

0.971476 -0.04311991 0.2331843 0
0.07025988 -0.88684 -0.4567041 0
-0.2264902 -0.4600607 0.8585141 0
-0.03420077 0.2935877 -0.05702743 1

-0.7330914 -0.02701439 -0.6795936 0
0.6793294 0.01939404 -0.7335771 0
-0.03299731 0.9994472 -0.004133972 0
0.1632045 -0.9976765 0.004409902 1

0.7860081 0.02885039 0.6175428 0
-0.02273063 0.999584 -0.01776705 0
0.6177983 7.205829E-05 -0.7863367 0
0.1296697 -0.8760223 0.04419514 1

-0.9640303 0.001681598 0.2657869 0
-0.2657461 -0.0247334 -0.9637257 0
-0.004953213 0.9996927 -0.0242906 0
-0.1691758 -0.9956843 -0.2144898 1

0.9824833 -1.860783E-06 -0.186352 0
0.004182493 0.9997488 0.0220409 0
-0.1863051 0.02243401 -0.9822358 0
-0.1606722 -0.8752225 -0.1604175 1

0.9994156 0.02383201 0.02450155 0
-0.02278544 0.998852 -0.04214024 0
0.02547772 -0.04155733 -0.9988112 0
0.007433806 0.4063067 -0.001009665 1

0.728186 -0.007966164 -0.6853333 0
-0.2247291 -0.9474276 -0.2277684 0
0.647489 -0.319872 0.6916937 0
-0.1295281 0.2382345 -0.001415285 1

0.6486479 0.2537788 0.717532 0
0.5856723 -0.7685121 -0.2576374 0
-0.4860491 -0.5873545 0.6471251 0
0.1331635 0.2568797 0.05840304 1

-0.9728197 0.002710892 -0.2315475 0
-0.2010302 -0.506167 0.8386788 0
0.1149281 -0.8624313 -0.4929542 0
-0.03250594 0.2768974 0.1624102 1

0.9728195 -0.002707692 0.2315487 0
0.04885485 -0.9750244 -0.2166586 0
-0.2263523 -0.222082 0.9483904 0
0.07814179 0.2279871 -0.06514855 1

0.9728193 -0.002707014 0.2315494 0
0.04885563 -0.9750244 -0.2166584 0
-0.2263527 -0.222082 0.9483903 0
-0.02902719 0.2282853 -0.09065674 1

-0.7330914 -0.02701439 -0.6795936 0
0.6793294 0.01939404 -0.7335771 0
-0.03299731 0.9994472 -0.004133972 0
0.2146633 -0.9962074 -0.05115818 1

-0.9640303 0.001681598 0.2657869 0
-0.2657461 -0.0247334 -0.9637257 0
-0.004953213 0.9996927 -0.0242906 0
-0.1893059 -0.9975579 -0.2874916 1

0.9994156 0.02383201 0.02450155 0
-0.02278544 0.998852 -0.04214024 0
0.02547772 -0.04155733 -0.9988112 0
-0.002796061 0.8547564 -0.01992917 1

0.9994156 0.02383201 0.02450155 0
-0.02278544 0.998852 -0.04214024 0
0.02547772 -0.04155733 -0.9988112 0
0.006027568 0.6435175 -0.2594336 1

0.9994156 0.02383201 0.02450155 0
-0.02278544 0.998852 -0.04214024 0
0.02547772 -0.04155733 -0.9988112 0
0.07854702 0.6423569 -0.2412594 1

0.9994156 0.02383201 0.02450155 0
-0.02278544 0.998852 -0.04214024 0
0.02547772 -0.04155733 -0.9988112 0
-0.167119 0.5590465 0.1427631 1

0.6589982 0.6908503 -0.2974012 0
0.3827262 -0.6483887 -0.6581129 0
0.6474892 -0.3198719 0.6916936 0
-0.1790795 0.02933276 -0.05163676 1

0.6226627 -0.7523269 -0.2151636 0
-0.613227 -0.2983607 -0.7313917 0
-0.4860493 -0.5873542 0.6471252 0
0.2623005 0.08742762 0.001595594 1

0.9728195 -0.002707692 0.2315487 0
0.04885485 -0.9750244 -0.2166586 0
-0.2263523 -0.222082 0.9483904 0
0.08303168 0.1303966 -0.08683398 1

0.9728193 -0.002707014 0.2315494 0
0.04885563 -0.9750244 -0.2166584 0
-0.2263527 -0.222082 0.9483903 0
-0.02413722 0.1306949 -0.1123421 1

-0.7992201 -0.5638664 -0.208092 0
0.4949886 -0.4211058 -0.7600369 0
-0.3409307 0.7104399 -0.6156636 0
-0.09101649 -0.1198577 -0.2030645 1

0.6589982 0.6908503 -0.2974012 0
0.3827262 -0.6483887 -0.6581129 0
0.6474892 -0.3198719 0.6916936 0
-0.1542201 -0.01278239 -0.09438343 1

0.5062057 -0.7701278 0.3881486 0
-0.6696601 -0.6346061 -0.3857854 0
-0.5434254 0.06464093 0.8369648 0
0.1212008 0.01877666 -0.1666931 1

0.6226627 -0.7523269 -0.2151636 0
-0.613227 -0.2983607 -0.7313917 0
-0.4860493 -0.5873542 0.6471252 0
0.2224694 0.068048 -0.04591078 1

-0.8209724 0.4589334 0.3396829 0
-0.4567168 -0.1708047 -0.8730612 0
0.3426573 0.8718982 -0.3498283 0
-0.105735 -0.13764 -0.2489426 1

-0.7477774 -0.6057484 -0.2718424 0
0.009001717 0.400145 -0.9164079 0
-0.6638885 0.6877161 0.2937665 0
-0.06761093 -0.1820846 -0.3024737 1

-0.7444443 -0.5850402 -0.3217621 0
-0.0326203 0.5132003 -0.8576488 0
-0.6668872 0.627976 0.4011332 0
-0.03490556 -0.1675936 -0.2892211 1

-0.7458353 -0.5584943 -0.3630618 0
-0.02997084 0.5726138 -0.8192771 0
-0.6654556 0.6001647 0.4438143 0
-0.009601165 -0.1508983 -0.2841128 1

-0.7423662 -0.5768531 -0.3407829 0
-0.1645294 0.6500193 -0.7418931 0
-0.6494784 0.4946876 0.5774615 0
0.003574442 -0.1250174 -0.2769984 1

-0.1484185 -0.6534047 -0.7423168 0
-0.9054303 -0.2120876 0.3677157 0
0.3977034 -0.7266918 0.5601348 0
0.07064071 0.02198696 -0.17512 1

0.4830197 -0.777625 0.4024815 0
-0.8266784 -0.5565037 -0.08310761 0
-0.2886088 0.2925801 0.9116479 0
0.02163611 -0.02402282 -0.2172628 1

0.564301 -0.7160293 0.4109336 0
-0.8216606 -0.4387317 0.3638519 0
0.08023903 0.5429699 0.83591 0
0.04528914 -0.05316114 -0.2104252 1

0.6455771 -0.6712414 0.3642326 0
-0.7458133 -0.4515334 0.4897756 0
0.1642944 0.5878376 0.7921204 0
0.05922095 -0.07741553 -0.1993488 1

0.6475132 -0.6728017 0.3578612 0
-0.7281646 -0.4077682 0.5509093 0
0.2247283 0.6173031 0.7539457 0
0.07455031 -0.09148657 -0.1769919 1

-0.8223478 0.4556141 0.3408223 0
-0.4459258 -0.1440289 -0.883406 0
0.3534038 0.8784484 -0.3216117 0
-0.1240211 -0.1444787 -0.2838983 1

-0.7872961 -0.5155376 -0.3382099 0
-0.5501091 0.8350576 0.00767342 0
-0.2784686 -0.1920936 0.9410396 0
-0.06731541 -0.1689475 -0.3325602 1

-0.7742633 -0.5097839 -0.3750163 0
-0.509009 0.853749 -0.1096492 0
-0.3760668 -0.1059895 0.9205109 0
-0.0360181 -0.1500908 -0.3184713 1

-0.7764176 -0.4777721 -0.4109863 0
-0.512258 0.8583061 -0.03004566 0
-0.3671067 -0.1872031 0.9111465 0
-0.01052181 -0.1333091 -0.309279 1

-0.7767195 -0.5048862 -0.3765596 0
-0.5457423 0.8379503 0.002175897 0
-0.3144396 -0.2071944 0.9263899 0
-0.001133829 -0.1064162 -0.2982289 1

0.3774052 -0.4187334 -0.8259706 0
-0.8281091 -0.5518216 -0.09863132 0
0.4144883 -0.721218 0.5550173 0
0.03438897 0.01349545 -0.1603973 1

0.5316978 -0.7527238 0.388207 0
-0.786449 -0.2686943 0.5561483 0
0.314317 0.601008 0.734843 0
-0.005504582 -0.04229337 -0.2199912 1

0.6170174 -0.7280599 0.298694 0
0.2858832 0.5610043 0.7768816 0
0.7331849 0.3939578 -0.5542895 0
0.01726621 -0.06812412 -0.1980159 1

0.6840997 -0.6860641 0.2476369 0
0.3472322 0.6048996 0.7166076 0
0.6414342 0.4042434 -0.6520349 0
0.03644883 -0.09120232 -0.1843944 1

0.6875421 -0.6680393 0.2846217 0
-0.09014263 0.3104102 0.9463192 0
0.7205278 0.6762907 -0.1532012 0
0.05371271 -0.1031555 -0.1612268 1

-0.829594 0.4516879 0.3282558 0
-0.5100999 -0.3739837 -0.7745545 0
0.2270944 0.810009 -0.5406603 0
-0.1416293 -0.1501659 -0.3187811 1

-0.809905 -0.4845005 -0.3306257 0
-0.5836896 0.7214146 0.3726498 0
-0.05796908 -0.4947936 0.8670751 0
-0.08560012 -0.1411915 -0.3323052 1

-0.8205773 -0.4490275 -0.3535923 0
-0.56651 0.5571541 0.6071621 0
0.07562713 -0.6985372 0.7115665 0
-0.05287757 -0.1218128 -0.3221032 1

-0.8032895 -0.4395898 -0.4018546 0
-0.586255 0.7025803 0.4033439 0
-0.1050292 -0.5595912 0.8220868 0
-0.02740505 -0.1050206 -0.3102692 1

-0.7895592 -0.4864559 -0.3741084 0
-0.5837756 0.7833502 0.2134682 0
-0.189215 -0.3869411 0.9024824 0
-0.01676041 -0.08242249 -0.2981666 1

0.8795697 -0.07834291 -0.4692754 0
-0.4331504 -0.539898 -0.7217277 0
0.1968187 -0.8380768 0.5088123 0
0.001689673 -0.008294225 -0.1642919 1

0.5724869 -0.7593869 0.309177 0
0.02500375 0.393079 0.9191648 0
0.8195325 0.5184791 -0.2440201 0
-0.03164484 -0.05122429 -0.2015058 1

0.5927414 -0.7585506 0.270663 0
0.67941 0.6514103 0.3377377 0
0.4325036 0.01629982 -0.9014847 0
0.02673533 -0.04954243 -0.1722838 1

0.6606554 -0.7162647 0.2247211 0
0.6635496 0.6971761 0.2713812 0
0.3510509 0.03017588 -0.93587 0
0.04789308 -0.0712657 -0.1607761 1

0.6647131 -0.7123711 0.2251314 0
0.6054076 0.6901804 0.3963999 0
0.437765 0.1271957 -0.8900468 0
0.05113162 -0.09426731 -0.1341303 1

-0.829594 0.4516879 0.3282558 0
-0.5100999 -0.3739837 -0.7745545 0
0.2270944 0.810009 -0.5406603 0
-0.1554308 -0.1602846 -0.3397377 1

-0.809905 -0.4845005 -0.3306257 0
-0.5836896 0.7214146 0.3726498 0
-0.05796908 -0.4947936 0.8670751 0
-0.09922545 -0.1243513 -0.3236063 1

-0.8205773 -0.4490275 -0.3535923 0
-0.56651 0.5571541 0.6071621 0
0.07562713 -0.6985372 0.7115665 0
-0.06846821 -0.1064796 -0.3053938 1

-0.8032895 -0.4395898 -0.4018546 0
-0.586255 0.7025803 0.4033439 0
-0.1050292 -0.5595912 0.8220868 0
-0.04077585 -0.08899671 -0.3010701 1

-0.7895592 -0.4864559 -0.3741084 0
-0.5837756 0.7833502 0.2134682 0
-0.189215 -0.3869411 0.9024824 0
-0.02644843 -0.06942248 -0.294624 1

0.8795697 -0.07834291 -0.4692754 0
-0.4331504 -0.539898 -0.7217277 0
0.1968187 -0.8380768 0.5088123 0
-0.009803742 -0.02262014 -0.1834426 1

0.5724869 -0.7593869 0.309177 0
0.02500375 0.393079 0.9191648 0
0.8195325 0.5184791 -0.2440201 0
-0.03105384 -0.04193366 -0.1797808 1

0.5927414 -0.7585506 0.270663 0
0.67941 0.6514103 0.3377377 0
0.4325036 0.01629982 -0.9014847 0
0.04502183 -0.0320096 -0.1631936 1

0.6606554 -0.7162647 0.2247211 0
0.6635496 0.6971761 0.2713812 0
0.3510509 0.03017588 -0.93587 0
0.0635076 -0.05485988 -0.15439 1

0.6647131 -0.7123711 0.2251314 0
0.6054076 0.6901804 0.3963999 0
0.437765 0.1271957 -0.8900468 0
0.06089153 -0.08314079 -0.1277398 1

0.979575 -0.0315683 0.1985857 0
0.01842788 0.9975373 0.06767388 0
0.200233 0.06263214 -0.9777443 0
0.001409123 -0.1819325 -0.002205584 1

0.9754948 -0.01276333 0.2196518 0
0.01636208 0.9997599 -0.01457239 0
0.2194131 -0.01780925 -0.9754695 0
0.005167125 -0.1041721 -0.008382308 1

-0.9013203 -0.02746449 -0.432282 0
0.07364021 -0.9931756 -0.09044181 0
0.4268479 0.1133504 -0.8971915 0
0.08283146 -0.2326837 0.01509475 1

-0.9974412 0.07139452 0.003767893 0
-0.06975543 -0.9602834 -0.2701673 0
0.01567021 0.2697388 -0.962806 0
-0.08329847 -0.2273302 -0.01858417 1

0.9742386 -0.007187068 0.2254052 0
0.002024427 0.9997305 0.02312659 0
0.2255106 0.0220745 -0.9739906 0
0.007134937 0.0160656 -0.01013488 1

-0.8185931 -0.1156186 -0.562617 0
-0.08390186 -0.9449539 0.3162643 0
0.568213 -0.3060963 -0.763832 0
0.1068052 -0.5560149 -0.01434883 1

-0.9797425 0.09828714 0.1744836 0
-0.09459129 -0.9950824 0.02939348 0
-0.1765145 -0.01229347 -0.9842213 0
-0.1060075 -0.5399531 -0.1065379 1

0.9728104 -0.003340445 0.2315784 0
0.01405075 0.9989054 -0.04461523 0
0.2311759 -0.04665602 -0.9717925 0
0.007368019 0.1311698 -0.007472193 1

0.9742386 -0.007187068 0.2254052 0
0.01164429 0.9997619 -0.01845106 0
0.2252189 -0.02060041 -0.9740903 0
0.1396554 -0.06084609 0.08999904 1

0.9742386 -0.007187068 0.2254052 0
0.01164429 0.9997619 -0.01845106 0
0.2252189 -0.02060041 -0.9740903 0
-0.156963 -0.05865794 0.02137179 1

-0.7533318 -0.05770236 -0.6551045 0
0.4718849 -0.7412575 -0.4773491 0
0.4580569 0.6687363 -0.5856416 0
0.07930444 -0.8657457 0.08931424 1

-0.9715047 0.02755831 0.2354133 0
-0.1808763 -0.7280692 -0.6612105 0
-0.1531754 0.6849498 -0.712307 0
-0.1370121 -0.8661148 -0.09690349 1

0.9770284 -0.01425713 0.2126317 0
0.027714 0.9977869 -0.06044149 0
0.2112994 -0.06494595 -0.9752613 0
0.002737921 0.3167319 0.01465452 1

0.4265552 -0.04073634 -0.9035437 0
-0.8393882 -0.3899001 -0.3786892 0
0.3368652 -0.9199558 0.2005074 0
-0.06434959 0.2686909 0.0280537 1

-0.005077615 0.07432237 0.9972213 0
0.9889708 -0.1472428 0.01600958 0
-0.1480236 -0.986304 0.07275499 0
0.05617689 0.2682973 0.05719829 1

-0.9728109 0.00334399 -0.2315769 0
-0.2013274 -0.5064692 0.8384249 0
0.1144829 -0.8622515 -0.4933719 0
-0.01411075 0.3233726 0.08552792 1

0.9725823 0.03707765 0.2295837 0
0.1378937 -0.886888 -0.4409256 0
-0.1872665 -0.4604947 0.8676842 0
0.06789214 0.2933507 -0.03265677 1

0.9714454 -0.04375308 0.2331939 0
0.06980044 -0.8866541 -0.4571353 0
-0.2267634 -0.4603591 0.858282 0
-0.03426181 0.2937015 -0.0569746 1

-0.7330543 -0.02725003 -0.6796242 0
0.6793575 0.0195029 -0.7335486 0
-0.03324388 0.9994387 -0.004215798 0
0.1632717 -0.997645 0.004374724 1

0.7859734 0.02909408 0.6175756 0
-0.02297664 0.9995769 -0.01784844 0
0.6178335 0.0001614373 -0.7863092 0
0.1297051 -0.8759959 0.04414867 1

-0.964045 0.001678787 0.2657343 0
-0.2656938 -0.02465848 -0.9637421 0
-0.004934661 0.9996948 -0.02421782 0
-0.1691972 -0.9956674 -0.2145593 1

0.9824935 -5.180016E-06 -0.1862982 0
0.004198516 0.9997472 0.02211422 0
-0.1862509 0.02250894 -0.9822444 0
-0.1606945 -0.8752097 -0.1604778 1

0.9994231 0.02349055 0.02452818 0
-0.02245431 0.998878 -0.04169993 0
0.02548021 -0.04112513 -0.9988289 0
0.007431217 0.4063709 -0.0009005016 1

0.7283477 -0.008735064 -0.6851521 0
-0.2254542 -0.9472978 -0.2275908 0
0.6470549 -0.3202357 0.6919314 0
-0.1296203 0.2383723 -0.001393121 1

0.6481597 0.2533293 0.718132 0
0.5855665 -0.7686902 -0.2573465 0
-0.4868276 -0.5873157 0.646575 0
0.1330791 0.2568477 0.05844318 1

-0.9728109 0.00334399 -0.2315769 0
-0.2013274 -0.5064692 0.8384249 0
0.1144829 -0.8622515 -0.4933719 0
-0.03258289 0.2769032 0.1624549 1

0.9728105 -0.003340788 0.2315781 0
0.04834063 -0.9749443 -0.2171335 0
-0.2265011 -0.2224244 0.9482745 0
0.07804593 0.2280449 -0.06512425 1

0.9728103 -0.00334011 0.2315787 0
0.04834142 -0.9749443 -0.2171333 0
-0.2265016 -0.2224244 0.9482744 0
-0.02912206 0.2284129 -0.09063569 1

-0.7330543 -0.02725003 -0.6796242 0
0.6793575 0.0195029 -0.7335486 0
-0.03324388 0.9994387 -0.004215798 0
0.2147326 -0.9961677 -0.05119119 1

-0.964045 0.001678787 0.2657343 0
-0.2656938 -0.02465848 -0.9637421 0
-0.004934661 0.9996948 -0.02421782 0
-0.1893233 -0.9975354 -0.2875623 1

0.9994231 0.02349055 0.02452818 0
-0.02245431 0.998878 -0.04169993 0
0.02548021 -0.04112513 -0.9988289 0
-0.002649979 0.8548324 -0.01962231 1

0.9994231 0.02349055 0.02452818 0
-0.02245431 0.998878 -0.04169993 0
0.02548021 -0.04112513 -0.9988289 0
0.006107668 0.6436962 -0.2592198 1

0.9994231 0.02349055 0.02452818 0
-0.02245431 0.998878 -0.04169993 0
0.02548021 -0.04112513 -0.9988289 0
0.07862642 0.6425034 -0.2410449 1

0.9994231 0.02349055 0.02452818 0
-0.02245431 0.998878 -0.04169993 0
0.02548021 -0.04112513 -0.9988289 0
-0.1670734 0.5591049 0.1429368 1

0.659185 0.6910056 -0.2966253 0
0.3831383 -0.6480438 -0.6582131 0
0.6470551 -0.3202356 0.6919313 0
-0.1793315 0.02949917 -0.05157548 1

0.6221855 -0.7526976 -0.2152472 0
-0.6130937 -0.2975015 -0.7318532 0
-0.4868279 -0.5873152 0.6465753 0
0.2621928 0.08735633 0.001699891 1

0.9728105 -0.003340788 0.2315781 0
0.04834063 -0.9749443 -0.2171335 0
-0.2265011 -0.2224244 0.9482745 0
0.08288435 0.1304624 -0.08685719 1

0.9728103 -0.00334011 0.2315787 0
0.04834142 -0.9749443 -0.2171333 0
-0.2265016 -0.2224244 0.9482744 0
-0.02428356 0.1308304 -0.1123686 1

-0.799576 -0.5633987 -0.2079908 0
0.4945437 -0.4211816 -0.7602844 0
-0.3407413 0.7107658 -0.6153919 0
-0.09117378 -0.1196119 -0.2030263 1

0.659185 0.6910056 -0.2966253 0
0.3831383 -0.6480438 -0.6582131 0
0.6470551 -0.3202356 0.6919313 0
-0.1544454 -0.01259351 -0.09432866 1

0.5059174 -0.7704837 0.3878178 0
-0.6701054 -0.634165 -0.3857377 0
-0.5431449 0.06472752 0.8371403 0
0.1211238 0.01890302 -0.1666951 1

0.6221855 -0.7526976 -0.2152472 0
-0.6130937 -0.2975015 -0.7318532 0
-0.4868279 -0.5873152 0.6465753 0
0.2223703 0.06803262 -0.04583647 1

-0.8206321 0.4592803 0.3400359 0
-0.457064 -0.1703562 -0.8729669 0
0.3430092 0.871803 -0.3497204 0
