MeshAnim
1
22
82
30
0.9701896 0.05238362 0.2366179 0
-0.01201657 0.9855571 -0.1689166 0
0.2420489 -0.1610378 -0.9568068 0
-0.2502089 0.6823843 1.762041 1

0.9528552 0.01982788 0.3027768 0
0.08209055 0.9438034 -0.3201501 0
0.2921097 -0.3299118 -0.8976805 0
-0.2483142 0.7566111 1.737839 1

-0.984955 0.1209143 -0.1234639 0
-0.06096411 -0.9116341 -0.4064563 0
0.1617003 0.3928143 -0.90529 0
-0.168281 0.6401743 1.793833 1

-0.9979175 -0.03210485 -0.05594675 0
0.06004803 -0.7791439 -0.6239623 0
0.02355835 0.6260224 -0.779449 0
-0.3328192 0.6312901 1.753704 1

0.9478361 0.02741922 0.3175766 0
0.07876471 0.9452523 -0.3166925 0
0.3088735 -0.3251864 -0.8937846 0
-0.2384414 0.8701192 1.699335 1

-0.9922478 0.019455 -0.1227423 0
-0.1064129 -0.6431657 0.758297 0
0.06419101 -0.7654799 -0.64025 0
-0.188128 0.3433893 1.66151 1

-0.9998005 0.01415924 0.01408647 0
0.008335084 -0.3451404 0.938514 0
-0.01815045 -0.9384443 -0.3449536 0
-0.3132704 0.3776376 1.550571 1

0.9425777 0.03617318 0.3320222 0
0.1081776 0.9074607 -0.4059714 0
0.3159824 -0.4185769 -0.851439 0
-0.2293728 0.978951 1.662873 1

0.9478361 0.02741922 0.3175766 0
0.09187148 0.930517 -0.3545386 0
0.3052316 -0.3652207 -0.8794587 0
-0.1214232 0.8266036 1.83319 1

0.9478361 0.02741922 0.3175766 0
0.09187148 0.930517 -0.3545386 0
0.3052316 -0.3652207 -0.8794587 0
-0.410003 0.8182555 1.7365 1

-0.8827235 -0.02867702 -0.469017 0
0.3325705 -0.7432659 -0.5804762 0
0.331958 0.6683812 -0.6656355 0
-0.2230073 0.1325766 1.910059 1

-0.9679551 0.2510508 0.006033435 0
-0.2486725 -0.9615805 0.1162971 0
-0.03499809 -0.11107 -0.9931959 0
-0.3105384 0.2645097 1.858191 1

0.9571257 -0.014307 0.2893194 0
0.1525008 0.87405 -0.4612806 0
0.2462801 -0.4856251 -0.8387576 0
-0.2193033 1.159275 1.61464 1

0.482061 -0.4314027 -0.7625673 0
-0.8209387 0.08164512 -0.5651493 0
-0.3060669 -0.8984575 0.3147973 0
-0.2914078 1.12309 1.636546 1

-0.229091 0.4308591 0.8728561 0
0.9628904 -0.03113597 0.2680908 0
-0.1426867 -0.901882 0.4077372 0
-0.1746676 1.12776 1.678092 1

-0.942578 -0.03616931 -0.3320222 0
-0.3237761 -0.1449732 0.934961 0
0.08195119 -0.9887742 -0.1249378 0
-0.2420451 1.192799 1.67555 1

0.9461828 0.07285909 0.315325 0
0.09803229 -0.9930778 -0.06470061 0
-0.3084282 -0.09213068 0.9467756 0
-0.1523809 1.11672 1.587427 1

0.9374291 -0.0005719811 0.3481758 0
0.03205519 -0.9956099 -0.08794101 0
-0.3466976 -0.09359932 0.9332953 0
-0.2513602 1.112921 1.552561 1

-0.8678809 0.008733034 -0.4966955 0
0.4948711 0.102587 -0.8628898 0
-0.04341885 0.9946858 0.09335504 0
-0.1638297 0.0003199577 1.806769 1

0.9053116 6.92904E-07 0.4247477 0
-6.370246E-07 1 -2.700835E-07 0
0.4247477 3.166497E-08 -0.9053119 0
-0.1843566 0.1219787 1.85457 1

-0.9658031 0.2544272 0.04990999 0
-0.2208523 -0.7064458 -0.6724274 0
0.1358251 0.6604552 -0.7384781 0
-0.3547872 0.09340602 1.878885 1

0.9805433 -0.1962322 0.005310223 0
0.1336784 0.6476729 -0.7501001 0
-0.1437544 -0.7362155 -0.6613029 0
-0.3327383 0.2108176 1.822003 1

0.9376906 -0.3251585 0.1225091 0
0.3469967 0.8578497 -0.379061 0
-0.01816054 -0.397952 -0.9172265 0
-0.2029537 1.233364 1.564217 1

0.6199727 0.7831697 -0.04774001 0
0.1851337 -0.2051395 -0.9610637 0
0.7624693 -0.5869948 0.272172 0
-0.3552439 1.129439 1.5926 1

0.3420734 -0.477693 0.8091943 0
0.1773788 -0.8128367 -0.5548273 0
-0.9227799 -0.3333256 0.1933172 0
-0.09979342 1.125339 1.698939 1

-0.942578 -0.03616931 -0.3320222 0
-0.3237761 -0.1449732 0.934961 0
0.08195119 -0.9887742 -0.1249378 0
-0.2717521 1.179497 1.761334 1

0.9425777 0.03617274 0.3320221 0
-0.01965133 -0.9863887 0.1632521 0
-0.3334081 0.1604024 0.9290373 0
-0.1451623 1.043594 1.582662 1

0.9425776 0.03617361 0.3320224 0
-0.01965056 -0.9863886 0.1632523 0
-0.3334086 0.1604024 0.9290371 0
-0.2489998 1.03961 1.546086 1

-0.8678809 0.008733034 -0.4966955 0
0.4948711 0.102587 -0.8628898 0
-0.04341885 0.9946858 0.09335504 0
-0.1263435 0.008090794 1.741406 1

-0.9658031 0.2544272 0.04990999 0
-0.2208523 -0.7064458 -0.6724274 0
0.1358251 0.6604552 -0.7384781 0
-0.3715166 0.03989309 1.827949 1

0.9376906 -0.3251585 0.1225091 0
0.3469967 0.8578497 -0.379061 0
-0.01816054 -0.397952 -0.9172265 0
-0.04716434 1.618508 1.394032 1

0.9376906 -0.3251585 0.1225091 0
0.3469967 0.8578497 -0.379061 0
-0.01816054 -0.397952 -0.9172265 0
-0.1234089 1.347888 1.24233 1

0.9376906 -0.3251585 0.1225091 0
0.3469967 0.8578497 -0.379061 0
-0.01816054 -0.397952 -0.9172265 0
-0.05600242 1.327586 1.267528 1

0.9376906 -0.3251585 0.1225091 0
0.3469967 0.8578497 -0.379061 0
-0.01816054 -0.397952 -0.9172265 0
-0.304797 1.478293 1.628297 1

0.4420139 0.7797471 0.4434167 0
0.4725085 0.2177878 -0.8539932 0
0.7624694 -0.5869948 0.2721718 0
-0.3144231 1.084207 1.380691 1

0.07070102 -0.6396424 -0.7654144 0
-0.378786 0.692641 -0.6138155 0
-0.92278 -0.3333256 0.1933171 0
-0.06068251 0.9461139 1.576603 1

0.9425777 0.03617274 0.3320221 0
-0.01965133 -0.9863887 0.1632521 0
-0.3334081 0.1604024 0.9290373 0
-0.1471293 0.9448665 1.599002 1

0.9425776 0.03617361 0.3320224 0
-0.01965056 -0.9863886 0.1632523 0
-0.3334086 0.1604024 0.9290371 0
-0.2509666 0.9408816 1.562426 1

-0.7558172 -0.03073258 -0.6540612 0
0.6547779 -0.03163223 -0.7551592 0
-0.002518456 0.999027 -0.04403107 0
-0.2057017 1.134318 1.184193 1

0.4420139 0.7797471 0.4434167 0
0.4725085 0.2177878 -0.8539932 0
0.7624694 -0.5869948 0.2721718 0
-0.283732 1.098353 1.325222 1

-0.07087208 -0.9925047 -0.09955901 0
-0.03594494 0.1022864 -0.9941053 0
-0.9968376 0.06687561 0.0429249 0
-0.1478388 1.105486 1.435368 1

0.07070102 -0.6396424 -0.7654144 0
-0.378786 0.692641 -0.6138155 0
-0.92278 -0.3333256 0.1933171 0
-0.08528593 0.9911033 1.536734 1

-0.9338647 0.1100787 -0.3402636 0
0.3553675 0.3924035 -0.8483712 0
-0.04013305 0.9131825 0.4055702 0
-0.2064746 1.152856 1.136303 1

-0.7090786 -0.03652175 -0.704183 0
0.5618127 0.5742342 -0.5955008 0
-0.4261147 0.8178759 0.3866594 0
-0.1595256 1.1386 1.073958 1

-0.6894571 -0.02655996 -0.7238395 0
0.4436721 0.7744299 -0.4510139 0
-0.5725417 0.6321018 0.5221523 0
-0.1314774 1.130733 1.098589 1

-0.6865505 -0.03499542 -0.7262393 0
0.3487734 0.8605705 -0.3711814 0
-0.6379697 0.5081277 0.5786197 0
-0.1072177 1.131714 1.117447 1

-0.6962893 -0.1467733 -0.7025944 0
0.1303174 0.9367489 -0.3248364 0
-0.7058318 0.3177404 0.6331214 0
-0.09354024 1.142347 1.141818 1

-0.02709101 -0.8560617 -0.5161633 0
-0.6394464 0.4117303 -0.6492969 0
-0.7683582 -0.3124687 0.5585598 0
-0.1674435 1.141555 1.404508 1

-0.08790918 -0.9878478 -0.1281744 0
-0.2469378 0.1462675 -0.9579288 0
-0.9650357 0.0525596 0.2567953 0
-0.1582718 1.154473 1.326769 1

-0.007103737 -0.9997178 0.02266527 0
-0.8067415 -0.007663123 -0.5908548 0
-0.5908618 0.02248232 0.8064595 0
-0.1519136 1.117082 1.322678 1

-0.1275713 -0.9904514 -0.0522663 0
-0.8538949 0.1364855 -0.5022303 0
-0.5045682 0.01944023 0.8631532 0
-0.1542375 1.087468 1.317915 1

-0.1383043 -0.9896017 -0.03950236 0
-0.9125693 0.1428335 -0.3831655 0
-0.3848234 0.01694484 0.9228346 0
-0.1652546 1.060013 1.325508 1

-0.8516464 0.4499934 -0.2687083 0
0.4651737 0.4127575 -0.7830995 0
0.2414782 0.7919198 0.5608488 0
-0.1922464 1.168567 1.102336 1

-0.6773934 0.05637104 -0.7334577 0
-0.02672276 0.9945158 0.1011154 0
-0.7351353 -0.08809471 0.6721723 0
-0.1410807 1.157452 1.054407 1

-0.6779251 0.08249678 -0.7304875 0
-0.2667895 0.8983271 0.3490445 0
-0.6850116 -0.4315122 0.5869893 0
-0.1163459 1.157145 1.083207 1

-0.6926419 0.08459868 -0.7163032 0
-0.4308226 0.7479565 0.5049288 0
-0.57848 -0.6583344 0.481619 0
-0.09650429 1.158149 1.106046 1

-0.720702 -0.04164756 -0.691993 0
-0.5116718 0.7054487 0.4904427 0
-0.4677399 -0.7075365 0.5297282 0
-0.08981104 1.169153 1.132522 1

0.5310436 -0.7889082 -0.3092195 0
-0.4362018 0.05833813 -0.8979558 0
-0.7264441 -0.6117357 0.3131431 0
-0.1930458 1.15804 1.378512 1

-0.06452174 -0.9939045 -0.08939246 0
-0.7346636 0.107934 -0.6697908 0
-0.6753564 -0.0224573 0.7371497 0
-0.1663791 1.159275 1.295319 1

0.1177896 -0.9928284 -0.02043665 0
-0.268444 -0.05164848 0.9619099 0
0.9560668 0.1078169 0.2726023 0
-0.1794277 1.11682 1.302526 1

-0.01159614 -0.9956088 -0.09289051 0
-0.3625275 -0.08239029 0.9283243 0
0.931901 -0.04444041 0.3599803 0
-0.1803098 1.091635 1.30258 1

-0.03778028 -0.996599 -0.07323319 0
-0.5084361 -0.04391938 0.8599792 0
0.8602706 -0.06972466 0.5050476 0
-0.1913692 1.0641 1.314543 1

-0.9098681 0.3989605 -0.1138882 0
0.2941685 0.426756 -0.8551869 0
0.2925833 0.8116094 0.5056533 0
-0.1738782 1.184866 1.071414 1

-0.6844795 0.09721316 -0.7225216 0
-0.2964741 0.8682998 0.3976916 0
-0.6660261 -0.4864206 0.5655123 0
-0.1419689 1.190508 1.057768 1

-0.6893277 0.1085241 -0.716275 0
-0.4422399 0.7200809 0.5347032 0
-0.5738041 -0.685351 0.4483781 0
-0.1251825 1.186899 1.094768 1

-0.7169707 0.1111012 -0.688193 0
-0.6078923 0.3835586 0.6952336 0
-0.3412037 -0.9168093 0.2074627 0
-0.1107035 1.1828 1.122688 1

-0.7346303 -0.02625919 -0.6779592 0
-0.5917441 0.5136217 0.6213146 0
-0.3318994 -0.857615 0.3928609 0
-0.1044621 1.189353 1.146565 1

0.5768325 -0.5604953 0.5942299 0
0.4067658 -0.4337558 -0.8039884 0
-0.7083824 -0.7054791 0.02221398 0
-0.2102699 1.160344 1.343054 1

-0.02785312 -0.9971347 -0.07033203 0
-0.9748352 0.04266353 -0.2188062 0
-0.22118 -0.06246775 0.9732304 0
-0.1907981 1.162862 1.273057 1

0.1206155 -0.9916044 -0.04660984 0
0.05687848 -0.03997209 0.9975808 0
0.9910684 0.1229747 -0.05157986 0
-0.1883191 1.115109 1.334387 1

-0.0162439 -0.9868543 -0.1607952 0
0.485054 -0.1484033 0.8618 0
0.8743331 0.0639954 -0.4810884 0
-0.1922581 1.08892 1.333176 1

-0.03663745 -0.9875425 -0.1530282 0
0.4837723 -0.1515186 0.8619781 0
0.8744267 0.04245012 -0.4832972 0
-0.2059275 1.062843 1.339168 1

-0.9098681 0.3989605 -0.1138882 0
0.2941685 0.426756 -0.8551869 0
0.2925833 0.8116094 0.5056533 0
-0.165919 1.196412 1.048276 1

-0.6844795 0.09721316 -0.7225216 0
-0.2964741 0.8682998 0.3976916 0
-0.6660261 -0.4864206 0.5655123 0
-0.1488896 1.210778 1.067052 1

-0.6893277 0.1085241 -0.716275 0
-0.4422399 0.7200809 0.5347032 0
-0.5738041 -0.685351 0.4483781 0
-0.1373531 1.206716 1.109483 1

-0.7169707 0.1111012 -0.688193 0
-0.6078923 0.3835586 0.6952336 0
-0.3412037 -0.9168093 0.2074627 0
-0.1245679 1.191548 1.138544 1

-0.7346303 -0.02625919 -0.6779592 0
-0.5917441 0.5136217 0.6213146 0
-0.3318994 -0.857615 0.3928609 0
-0.1142823 1.197877 1.156876 1

0.5768325 -0.5604953 0.5942299 0
0.4067658 -0.4337558 -0.8039884 0
-0.7083824 -0.7054791 0.02221398 0
-0.1994766 1.148834 1.321721 1

-0.02785312 -0.9971347 -0.07033203 0
-0.9748352 0.04266353 -0.2188062 0
-0.22118 -0.06246775 0.9732304 0
-0.2138388 1.163871 1.267885 1

0.1206155 -0.9916044 -0.04660984 0
0.05687848 -0.03997209 0.9975808 0
0.9910684 0.1229747 -0.05157986 0
-0.1867882 1.114034 1.361237 1

-0.0162439 -0.9868543 -0.1607952 0
0.485054 -0.1484033 0.8618 0
0.8743331 0.0639954 -0.4810884 0
-0.1808439 1.085428 1.353456 1

-0.03663745 -0.9875425 -0.1530282 0
0.4837723 -0.1515186 0.8619781 0
0.8744267 0.04245012 -0.4832972 0
-0.1981285 1.0604 1.353064 1

0.9741219 0.02854001 0.2242142 0
0.01059588 0.985139 -0.1714323 0
0.2257749 -0.1693717 -0.959343 0
-0.2507403 0.6890301 1.759878 1

0.9569749 0.01718311 0.2896615 0
0.08104341 0.9426926 -0.3236705 0
0.2786234 -0.3332198 -0.9007406 0
-0.2472893 0.7631274 1.735452 1

-0.9811219 0.1208207 -0.1510046 0
-0.0840269 -0.969595 -0.2298376 0
0.1741823 0.2128102 -0.9614428 0
-0.1695016 0.6448498 1.790748 1

-0.9968313 -0.0519596 -0.06023176 0
0.07949266 -0.6785676 -0.730224 0
0.002929121 0.732698 -0.6805476 0
-0.3347068 0.6400094 1.752723 1

0.9521693 0.02722507 0.3043556 0
0.07494449 0.9447953 -0.3189754 0
0.2962379 -0.3265284 -0.8975646 0
-0.2375425 0.8765019 1.696526 1

-0.9917716 -0.004369909 -0.1279463 0
-0.1022804 -0.5740199 0.8124284 0
0.07699396 -0.8188298 -0.5688494 0
-0.1968568 0.3291955 1.715924 1

-0.999706 -0.02397423 0.00368838 0
0.01640125 -0.5560732 0.8309715 0
0.01787089 -0.8307877 -0.5563028 0
-0.3088277 0.4190998 1.514997 1

0.9471395 0.03834909 0.3185216 0
0.1003021 0.9076653 -0.4075333 0
0.3047396 -0.4179393 -0.8558391 0
-0.2289137 0.9852811 1.6598 1

0.9521693 0.02722507 0.3043556 0
0.08751561 0.930003 -0.3569807 0
0.2927705 -0.366542 -0.8831378 0
-0.1187045 0.8330838 1.828799 1

0.9521693 0.02722507 0.3043556 0
0.08751561 0.930003 -0.3569807 0
0.2927705 -0.366542 -0.8831378 0
-0.4086036 0.8247948 1.736134 1

-0.8659001 -0.09691017 -0.49074 0
0.380513 -0.7644224 -0.5204504 0
0.3246956 0.637391 -0.6987887 0
-0.2303816 0.1410469 1.982217 1

-0.9717175 0.2090255 0.1098801 0
-0.2283442 -0.9503185 -0.2115514 0
-0.06020145 0.2306586 -0.9711706 0
-0.3034518 0.2368337 1.787367 1

0.9611834 -0.0118246 0.2756563 0
0.1446964 0.8722721 -0.4671234 0
0.2349238 -0.4888779 -0.8401245 0
-0.2199445 1.165622 1.611417 1

0.4925508 -0.4307083 -0.7562302 0
-0.8150722 0.0762722 -0.5743167 0
-0.3050424 -0.8992624 0.3134904 0
-0.2916463 1.129276 1.634353 1

-0.2160435 0.4305623 0.8763226 0
0.967593 -0.02575395 0.2511983 0
-0.1307252 -0.9021935 0.4110451 0
-0.1743354 1.134216 1.674227 1

-0.9471397 -0.03834522 -0.3185216 0
-0.3100569 -0.1456191 0.9394997 0
0.08240812 -0.9885974 -0.1260324 0
-0.2418902 1.199101 1.672643 1

0.950422 0.0750415 0.3017721 0
0.0993578 -0.9928585 -0.06603082 0
-0.2946621 -0.09274061 0.9510907 0
-0.1533211 1.123217 1.583253 1

0.9423057 0.001593877 0.3347495 0
0.03306137 -0.9955429 -0.08832613 0
-0.3331167 -0.09429761 0.9381585 0
-0.2527794 1.11919 1.549805 1

-0.852581 -0.05330452 -0.5198697 0
0.5067375 0.1588756 -0.8473345 0
-0.1277614 0.9858588 0.1084429 0
-0.1626732 0.005025744 1.889608 1

0.8910007 0.0664164 0.4491177 0
-0.0409711 0.9969683 -0.06615143 0
0.4521496 -0.04054007 -0.8910203 0
-0.1896338 0.1285378 1.92866 1

-0.9687955 0.1943731 0.1538009 0
-0.2221431 -0.4056523 -0.8866222 0
0.1099457 0.8931213 -0.4361725 0
-0.3440834 0.067734 1.749724 1

0.9836397 -0.1609715 -0.08088194 0
0.1016157 0.866502 -0.4887219 0
-0.1487546 -0.4725074 -0.8686824 0
-0.3256806 0.1979962 1.735571 1

0.9366724 -0.3299805 0.117292 0
0.3493777 0.8574592 -0.377755 0
-0.02407855 -0.3948121 -0.9184464 0
-0.2044188 1.239517 1.560451 1

0.6407818 0.7661533 -0.04907218 0
0.1711264 -0.2048499 -0.9637179 0
0.7484079 -0.6091354 0.2623731 0
-0.3550262 1.135207 1.589694 1

0.3495706 -0.470139 0.8104135 0
0.1625995 -0.8214165 -0.5466592 0
-0.9226928 -0.3228687 0.2106986 0
-0.09909557 1.132213 1.69376 1

-0.9471397 -0.03834522 -0.3185216 0
-0.3100569 -0.1456191 0.9394997 0
0.08240812 -0.9885974 -0.1260324 0
-0.2703384 1.18574 1.758844 1

0.9471394 0.03834865 0.3185214 0
-0.01507256 -0.9864151 0.1635792 0
-0.3204675 0.1597333 0.9336948 0
-0.1460049 1.050108 1.578391 1

0.9471393 0.03834952 0.3185218 0
-0.01507179 -0.9864151 0.1635795 0
-0.3204679 0.1597333 0.9336947 0
-0.2503449 1.045884 1.543302 1

-0.852581 -0.05330452 -0.5198697 0
0.5067375 0.1588756 -0.8473345 0
-0.1277614 0.9858588 0.1084429 0
-0.1242881 0.0170604 1.825423 1

-0.9687955 0.1943731 0.1538009 0
-0.2221431 -0.4056523 -0.8866222 0
0.1099457 0.8931213 -0.4361725 0
-0.3609106 0.03700614 1.682562 1

0.9366724 -0.3299805 0.117292 0
0.3493777 0.8574592 -0.377755 0
-0.02407855 -0.3948121 -0.9184464 0
-0.04756039 1.624487 1.390852 1

0.9366724 -0.3299805 0.117292 0
0.3493777 0.8574592 -0.377755 0
-0.02407855 -0.3948121 -0.9184464 0
-0.1257506 1.354734 1.238596 1

0.9366724 -0.3299805 0.117292 0
0.3493777 0.8574592 -0.377755 0
-0.02407855 -0.3948121 -0.9184464 0
-0.05833071 1.334031 1.263428 1

0.9366724 -0.3299805 0.117292 0
0.3493777 0.8574592 -0.377755 0
-0.02407855 -0.3948121 -0.9184464 0
-0.3048198 1.48471 1.625788 1

0.4730701 0.7675394 0.4325365 0
0.4648548 0.1995928 -0.8625962 0
0.7484078 -0.6091354 0.2623731 0
-0.3172939 1.090039 1.3772 1

0.05608463 -0.6531028 -0.75519 0
-0.381435 0.6849913 -0.6207209 0
-0.9226928 -0.3228686 0.2106986 0
-0.06324339 0.9510962 1.573225 1

0.9471394 0.03834865 0.3185214 0
-0.01507256 -0.9864151 0.1635792 0
-0.3204675 0.1597333 0.9336948 0
-0.1475135 0.9513776 1.594764 1

0.9471393 0.03834952 0.3185218 0
-0.01507179 -0.9864151 0.1635795 0
-0.3204679 0.1597333 0.9336947 0
-0.2518534 0.947153 1.559674 1

-0.7629824 -0.03270475 -0.6455915 0
0.6464126 -0.04312621 -0.761768 0
0.002928425 0.9985343 -0.05404529 0
-0.2103336 1.135964 1.178722 1

0.4730701 0.7675394 0.4325365 0
0.4648548 0.1995928 -0.8625962 0
0.7484078 -0.6091354 0.2623731 0
-0.2870999 1.103003 1.321172 1

-0.07444586 -0.9927267 -0.09461291 0
-0.04221769 0.09792864 -0.9942977 0
-0.996331 0.07002726 0.04920091 0
-0.1510093 1.108709 1.430401 1

0.05608463 -0.6531028 -0.75519 0
-0.381435 0.6849913 -0.6207209 0
-0.9226928 -0.3228686 0.2106986 0
-0.08801889 0.9955887 1.532907 1

-0.9354867 0.1147403 -0.3342142 0
0.3521529 0.3808827 -0.8549367 0
-0.02920057 0.9174767 0.3967168 0
-0.211512 1.154027 1.13066 1

-0.7164735 -0.03880585 -0.6965344 0
0.5602707 0.5628815 -0.6076688 0
-0.4156473 0.8256263 0.3815477 0
-0.165322 1.138865 1.067962 1

-0.6973715 -0.02952366 -0.7161015 0
0.44456 0.7658968 -0.4645089 0
-0.5621737 0.6422855 0.5209895 0
-0.1370575 1.131076 1.092369 1

-0.6945233 -0.03810653 -0.7184604 0
0.3498518 0.8546988 -0.3835281 0
-0.628682 0.5177239 0.5802764 0
-0.1125908 1.132099 1.110956 1

-0.7046692 -0.1495818 -0.6935898 0
0.1323627 0.9326535 -0.3356161 0
-0.6970807 0.3283036 0.6374129 0
-0.09858911 1.142892 1.13507 1

-0.03504612 -0.8572317 -0.513737 0
-0.6421306 0.4132156 -0.6456946 0
-0.7657937 -0.3072571 0.5649364 0
-0.1707115 1.144697 1.399509 1

-0.09179635 -0.9882481 -0.1222275 0
-0.2568415 0.1420907 -0.9559513 0
-0.9620842 0.05635985 0.2668665 0
-0.1620162 1.157238 1.321654 1

-0.00856735 -0.9995679 0.02812293 0
-0.8112648 -0.00949423 -0.584602 0
-0.5846163 0.02782378 0.810833 0
-0.155795 1.11981 1.317689 1

-0.1308249 -0.990293 -0.04695668 0
-0.8567926 0.1367642 -0.497194 0
-0.4987897 0.02481334 0.866368 0
-0.1582375 1.090182 1.313076 1

-0.1414708 -0.9893541 -0.03412612 0
-0.9146596 0.1438209 -0.3777744 0
-0.3786606 0.02223029 0.9252687 0
-0.1692847 1.062794 1.320865 1

-0.8498181 0.4546275 -0.2666891 0
0.4626293 0.4009367 -0.790711 0
0.2525535 0.7953389 0.5510473 0
-0.1974124 1.169277 1.096429 1

-0.6843506 0.05348974 -0.7271886 0
-0.01778982 0.995784 0.08998857 0
-0.7289361 -0.0745203 0.6805136 0
-0.1469278 1.157345 1.048012 1

-0.6850994 0.07936054 -0.7241138 0
-0.2563233 0.9042124 0.3416116 0
-0.6818631 -0.4196452 0.5991332 0
-0.1218957 1.157197 1.076527 1

-0.6997983 0.08161542 -0.7096628 0
-0.4209224 0.7555503 0.5019644 0
-0.5771538 -0.6499869 0.4943789 0
-0.1018443 1.158353 1.099175 1

-0.7283428 -0.04421 -0.6837852 0
-0.5021734 0.7133887 0.4887728 0
-0.4661958 -0.6993731 0.5417923 0
-0.09480131 1.169581 1.125466 1

0.5274513 -0.7916456 -0.3083711 0
-0.441627 0.05459626 -0.8955362 0
-0.7257829 -0.6085366 0.3208151 0
-0.1964212 1.161241 1.373657 1

-0.06800909 -0.9941704 -0.08366873 0
-0.7415398 0.1064751 -0.6624064 0
-0.6674531 -0.01699391 0.744458 0
-0.1704486 1.161902 1.290269 1

0.1160026 -0.9931207 -0.01597182 0
-0.2611366 -0.04600921 0.9642051 0
0.9583067 0.1076792 0.2646773 0
-0.1834634 1.119486 1.297751 1

-0.01513664 -0.995977 -0.08832179 0
-0.356621 -0.07714503 0.9310588 0
0.9341267 -0.0455907 0.3540187 0
-0.1843982 1.094358 1.297894 1

-0.04119295 -0.9968011 -0.06848779 0
-0.5028646 -0.03854828 0.8635053 0
0.8633832 -0.07001071 0.4996682 0
-0.1954591 1.06691 1.310054 1

-0.9074674 0.4055318 -0.1097584 0
0.2900922 0.4158659 -0.8619177 0
0.3038901 0.8140023 0.4950264 0
-0.1791447 1.185108 1.065207 1

-0.6910003 0.09450944 -0.7166499 0
-0.2855046 0.8751257 0.3906948 0
-0.6640826 -0.474577 0.5777292 0
-0.1475191 1.190443 1.051003 1

-0.6961544 0.1056326 -0.7100781 0
-0.4310926 0.7294115 0.5311482 0
-0.5740455 -0.6758704 0.4622455 0
-0.1303857 1.187146 1.087842 1

-0.7236657 0.1085439 -0.6815616 0
-0.5980899 0.394147 0.6978084 0
-0.3443782 -0.9126153 0.2203117 0
-0.1157173 1.183255 1.115719 1

-0.7420279 -0.02859849 -0.6697588 0
-0.5819678 0.5233654 0.6224166 0
-0.3327283 -0.8516287 0.4049949 0
-0.1091804 1.190008 1.139462 1

0.5793138 -0.5586293 0.5935735 0
0.4008645 -0.4388092 -0.8042104 0
-0.7097207 -0.7038326 0.03027347 0
-0.2138596 1.163397 1.338295 1

-0.0311462 -0.9974 -0.06498682 0
-0.9770178 0.04409803 -0.2085465 0
-0.2108699 -0.05699785 0.9758512 0
-0.1950961 1.165442 1.268252 1

0.1186295 -0.9920428 -0.04217213 0
0.06446889 -0.03468718 0.997317 0
0.9908438 0.1210298 -0.05984096 0
-0.1921128 1.117962 1.329688 1

-0.02020758 -0.9875137 -0.1562332 0
0.4903045 -0.1459726 0.8592403 0
0.871317 0.05923856 -0.487132 0
-0.1961519 1.091815 1.328581 1

-0.04055125 -0.9881065 -0.1483287 0
0.4890149 -0.1490832 0.8594409 0
0.8713324 0.03768343 -0.4892443 0
-0.209858 1.065806 1.33478 1

-0.9074674 0.4055318 -0.1097584 0
0.2900922 0.4158659 -0.8619177 0
0.3038901 0.8140023 0.4950264 0
-0.1712959 1.19636 1.041887 1

-0.6910003 0.09450944 -0.7166499 0
-0.2855046 0.8751257 0.3906948 0
-0.6640826 -0.474577 0.5777292 0
-0.1541837 1.210871 1.060123 1

-0.6961544 0.1056326 -0.7100781 0
-0.4310926 0.7294115 0.5311482 0
-0.5740455 -0.6758704 0.4622455 0
-0.1422496 1.20722 1.102459 1

-0.7236657 0.1085439 -0.6815616 0
-0.5980899 0.394147 0.6978084 0
-0.3443782 -0.9126153 0.2203117 0
-0.1293579 1.192244 1.131634 1

-0.7420279 -0.02859849 -0.6697588 0
-0.5819678 0.5233654 0.6224166 0
-0.3327283 -0.8516287 0.4049949 0
-0.1188384 1.198693 1.149791 1

0.5793138 -0.5586293 0.5935735 0
0.4008645 -0.4388092 -0.8042104 0
-0.7097207 -0.7038326 0.03027347 0
-0.2032229 1.151753 1.316956 1

-0.0311462 -0.9974 -0.06498682 0
-0.9770178 0.04409803 -0.2085465 0
-0.2108699 -0.05699785 0.9758512 0
-0.2181884 1.166484 1.263323 1

0.1186295 -0.9920428 -0.04217213 0
0.06446889 -0.03468718 0.997317 0
0.9908438 0.1210298 -0.05984096 0
-0.1903776 1.117028 1.356531 1

-0.02020758 -0.9875137 -0.1562332 0
0.4903045 -0.1459726 0.8592403 0
0.871317 0.05923856 -0.487132 0
-0.1846142 1.08838 1.3488 1

-0.04055125 -0.9881065 -0.1483287 0
0.4890149 -0.1490832 0.8594409 0
0.8713324 0.03768343 -0.4892443 0
-0.2019745 1.063403 1.348635 1

0.9789187 0.006266267 0.2041542 0
0.03015554 0.9841416 -0.1748028 0
0.202012 -0.1772741 -0.9632056 0
-0.25158 0.7033285 1.75799 1

0.9622148 0.01224129 0.2720162 0
0.08015682 0.9419884 -0.3259337 0
0.2602259 -0.3354222 -0.905414 0
-0.2468957 0.7772567 1.733258 1

-0.9759845 0.0999174 -0.1935736 0
-0.09695353 -0.9949813 -0.02474914 0
0.1950749 0.005387179 -0.9807735 0
-0.1707825 0.6573373 1.787335 1

-0.9937266 -0.07393491 -0.08391108 0
0.1115875 -0.6054248 -0.7880414 0
-0.007461935 0.7924611 -0.6098768 0
-0.3368011 0.6562743 1.752712 1

0.9576985 0.02307972 0.2868465 0
0.07349486 0.9441072 -0.3213414 0
0.2782303 -0.3288299 -0.9024737 0
-0.2372555 0.8905464 1.694059 1

-0.9870524 -0.05874916 -0.1492521 0
-0.09184948 -0.555819 0.8262138 0
0.1314965 -0.8292251 -0.5432262 0
-0.202346 0.3334184 1.779278 1

-0.9990028 -0.04333594 -0.01075314 0
0.02679239 -0.7744647 0.6320494 0
0.03571839 -0.6311311 -0.7748535 0
-0.3004735 0.4591766 1.496163 1

0.9529713 0.03499226 0.3010339 0
0.09639682 0.906725 -0.4105576 0
0.2873213 -0.4202683 -0.8607097 0
-0.2287936 0.9992465 1.657062 1

0.9576985 0.02307972 0.2868465 0
0.085299 0.9292175 -0.359554 0
0.2748412 -0.368812 -0.8879415 0
-0.1162194 0.8467081 1.824184 1

0.9576985 0.02307972 0.2868465 0
0.085299 0.9292175 -0.359554 0
0.2748412 -0.368812 -0.8879415 0
-0.4078019 0.8396811 1.73685 1

-0.8474946 -0.1363223 -0.5130001 0
0.3954409 -0.8068569 -0.4388723 0
0.3540894 0.5748033 -0.7377143 0
-0.2324518 0.1512356 2.050089 1

-0.9581836 0.173281 0.2277233 0
-0.2673786 -0.8256729 -0.4967627 0
-0.1019453 0.5368782 -0.837478 0
-0.2916917 0.2053276 1.703332 1

0.9656414 -0.01510554 0.2594387 0
0.1414487 0.8680297 -0.4759378 0
0.2180112 -0.4962825 -0.8403421 0
-0.2200002 1.179487 1.608274 1

0.5025834 -0.4340976 -0.7476424 0
-0.8076788 0.07265891 -0.5851288 0
-0.308326 -0.8979308 0.3140943 0
-0.2914122 1.143457 1.632571 1

-0.1977234 0.4325643 0.8796556 0
0.9716623 -0.03209184 0.234185 0
-0.1295299 -0.9010319 0.413961 0
-0.1733706 1.147982 1.670279 1

-0.9529715 -0.03498839 -0.3010338 0
-0.2933329 -0.1431546 0.9452316 0
0.0761665 -0.9890817 -0.126159 0
-0.2406856 1.213133 1.669845 1

0.9560912 0.07164937 0.2841764 0
0.09419771 -0.993332 -0.06647269 0
-0.2775187 -0.09032281 0.956465 0
-0.1540734 1.13678 1.57895 1

0.9482908 -0.001722166 0.3173984 0
0.02749308 -0.9957814 -0.08754395 0
-0.3162102 -0.09174355 0.9442428 0
-0.2541441 1.133106 1.547339 1

-0.8344111 -0.08562074 -0.5444513 0
0.520114 0.2044537 -0.829265 0
-0.1823172 0.9751248 0.1260658 0
-0.162087 0.007663548 1.971996 1

0.8739628 0.102336 0.4750962 0
-0.03294802 0.9878063 -0.1521644 0
0.4848747 -0.1173326 -0.8666775 0
-0.1898024 0.1341153 1.999363 1

-0.9538698 0.1419791 0.2645271 0
-0.2741668 -0.0529227 -0.960225 0
0.1223324 0.988454 -0.08940744 0
-0.339269 0.05840725 1.614938 1

0.9729992 -0.1375313 -0.1853596 0
0.1031159 0.9775034 -0.1839968 0
-0.2064949 -0.1599153 -0.9652913 0
-0.3176632 0.1858807 1.643061 1

0.9355509 -0.3348978 0.1121968 0
0.3516036 0.8530081 -0.385684 0
-0.03345995 -0.4002758 -0.9157836 0
-0.2049433 1.252922 1.556507 1

0.6545776 0.7522343 -0.07531092 0
0.1464513 -0.2239052 -0.9635448 0
0.7416737 -0.6196855 0.256729 0
-0.3542172 1.149107 1.587071 1

0.3569206 -0.4601526 0.8129374 0
0.142217 -0.8333449 -0.5341446 0
-0.9232454 -0.3062606 0.2319966 0
-0.09781426 1.145486 1.688489 1

-0.9529715 -0.03498839 -0.3010338 0
-0.2933329 -0.1431546 0.9452316 0
0.0761665 -0.9890817 -0.126159 0
-0.2675994 1.199998 1.756572 1

0.9529713 0.03499182 0.3010337 0
-0.01597219 -0.9861327 0.1651895 0
-0.3026395 0.162229 0.9391972 0
-0.1471372 1.063636 1.574055 1

0.9529712 0.03499269 0.301034 0
-0.01597141 -0.9861327 0.1651898 0
-0.3026399 0.162229 0.9391971 0
-0.2521196 1.059782 1.540892 1

-0.8344111 -0.08562074 -0.5444513 0
0.520114 0.2044537 -0.829265 0
-0.1823172 0.9751248 0.1260658 0
-0.1226887 0.0231508 1.909179 1

-0.9538698 0.1419791 0.2645271 0
-0.2741668 -0.0529227 -0.960225 0
0.1223324 0.988454 -0.08940744 0
-0.360037 0.05439842 1.542201 1

0.9355509 -0.3348978 0.1121968 0
0.3516036 0.8530081 -0.385684 0
-0.03345995 -0.4002758 -0.9157836 0
-0.0470856 1.635893 1.383348 1

0.9355509 -0.3348978 0.1121968 0
0.3516036 0.8530081 -0.385684 0
-0.03345995 -0.4002758 -0.9157836 0
-0.1280498 1.365689 1.233358 1

0.9355509 -0.3348978 0.1121968 0
0.3516036 0.8530081 -0.385684 0
-0.03345995 -0.4002758 -0.9157836 0
-0.06056708 1.344732 1.257804 1

0.9355509 -0.3348978 0.1121968 0
0.3516036 0.8530081 -0.385684 0
-0.03345995 -0.4002758 -0.9157836 0
-0.3033733 1.49911 1.621092 1

0.4765517 0.7561583 0.4484674 0
0.4720366 0.210272 -0.856135 0
0.7416738 -0.6196855 0.256729 0
-0.3219256 1.099737 1.374616 1

0.03400965 -0.6665995 -0.7446399 0
-0.3827026 0.6795954 -0.6258507 0
-0.9232455 -0.3062605 0.2319967 0
-0.06645632 0.9617387 1.570714 1

0.9529713 0.03499182 0.3010337 0
-0.01597219 -0.9861327 0.1651895 0
-0.3026395 0.162229 0.9391972 0
-0.1487359 0.964934 1.590589 1

0.9529712 0.03499269 0.301034 0
-0.01597141 -0.9861327 0.1651898 0
-0.3026399 0.162229 0.9391971 0
-0.2537182 0.9610791 1.557426 1

-0.7618031 -0.02531853 -0.647314 0
0.6477689 -0.04087758 -0.7607396 0
0.00719988 0.9988434 -0.04754119 0
-0.2133129 1.14812 1.177624 1

0.4765517 0.7561583 0.4484674 0
0.4720366 0.210272 -0.856135 0
0.7416738 -0.6196855 0.256729 0
-0.2912652 1.113395 1.319007 1

-0.08239493 -0.9929729 -0.08494857 0
-0.05062939 0.08929903 -0.9947172 0
-0.9953129 0.07765883 0.0576316 0
-0.1545139 1.118109 1.426709 1

0.03400965 -0.6665995 -0.7446399 0
-0.3827026 0.6795954 -0.6258507 0
-0.9232455 -0.3062605 0.2319967 0
-0.09131417 1.005881 1.530062 1

-0.9337373 0.1219222 -0.3365563 0
0.3570431 0.3844551 -0.8513018 0
-0.02559812 0.9150572 0.4025113 0
-0.2143186 1.166499 1.129678 1

-0.7150839 -0.03108175 -0.6983475 0
0.5646172 0.5633225 -0.6032209 0
-0.4121439 0.8256525 0.3852735 0
-0.1680654 1.151552 1.066976 1

-0.696045 -0.0218911 -0.7176647 0
0.4493634 0.7662947 -0.4592008 0
-0.5599948 0.6421164 0.5235384 0
-0.139883 1.143486 1.091388 1

-0.6932196 -0.03053279 -0.7200797 0
0.3541873 0.8557028 -0.3772591 0
-0.6276929 0.5165664 0.5823753 0
-0.11545 1.144286 1.11003 1

-0.7038803 -0.1421239 -0.6959552 0
0.1369285 0.9342532 -0.3292754 0
-0.6969959 0.3270664 0.6381415 0
-0.1014523 1.154863 1.134242 1

-0.04550287 -0.8614746 -0.5057579 0
-0.6443484 0.4121956 -0.6441349 0
-0.7633771 -0.2965743 0.5738462 0
-0.174241 1.15396 1.395674 1

-0.09972441 -0.9887871 -0.1111554 0
-0.2657728 0.1341235 -0.9546601 0
-0.958864 0.06566083 0.2761682 0
-0.1661704 1.165738 1.317632 1

-0.01460118 -0.9991777 0.03782881 0
-0.8166847 -0.009910877 -0.5769991 0
-0.5768995 0.03931903 0.8158684 0
-0.1602532 1.128232 1.31395 1

-0.1383159 -0.9897042 -0.03680532 0
-0.8603159 0.1384776 -0.490592 0
-0.4906378 0.03619266 0.8706118 0
-0.1629493 1.098583 1.309626 1

-0.1488368 -0.9885732 -0.02388738 0
-0.9170339 0.1470239 -0.3707194 0
-0.3699955 0.03327112 0.9284378 0
-0.1741199 1.071346 1.317764 1

-0.8464708 0.4609025 -0.2665639 0
0.4674106 0.403501 -0.786584 0
0.2549799 0.7904152 0.5569825 0
-0.2000233 1.181892 1.095594 1

-0.6824041 0.06121366 -0.7284076 0
-0.01273118 0.9953412 0.09557326 0
-0.7308643 -0.07449313 0.6784455 0
-0.1495284 1.170046 1.047171 1

-0.6832079 0.08697385 -0.7250261 0
-0.2524619 0.9035202 0.3462863 0
-0.6851935 -0.4196272 0.5953344 0
-0.1245574 1.16962 1.075727 1

-0.6980134 0.08915057 -0.7105138 0
-0.4187854 0.7540258 0.5060275 0
-0.5808582 -0.6507668 0.4889852 0
-0.1045703 1.170571 1.098442 1

-0.7271345 -0.03671997 -0.6855127 0
-0.5001847 0.7122908 0.4923998 0
-0.4702032 -0.7009237 0.5362978 0
-0.09753385 1.181598 1.124819 1

0.5213084 -0.7976466 -0.3033117 0
-0.4478447 0.04683393 -0.8928839 0
-0.7264109 -0.6013044 0.3328069 0
-0.2000395 1.170464 1.369884 1

-0.07557926 -0.9944799 -0.07278483 0
-0.7476314 0.1048157 -0.6557906 0
-0.6597995 -0.004852025 0.7514262 0
-0.174896 1.170142 1.286289 1

0.1095935 -0.9939486 -0.00746974 0
-0.2524855 -0.03510618 0.966964 0
0.9613744 0.1040869 0.2548047 0
-0.1881064 1.127894 1.294271 1

-0.02305523 -0.9965947 -0.07916845 0
-0.3486137 -0.06620467 0.9349257 0
0.936983 -0.04915414 0.3459 0
-0.1892176 1.102811 1.294647 1

-0.04893392 -0.9970526 -0.05909136 0
-0.4951912 -0.02716101 0.8683598 0
0.8674051 -0.07175384 0.4924023 0
-0.2003623 1.075554 1.307155 1

-0.9051079 0.4109913 -0.1089317 0
0.2940456 0.4200041 -0.8585652 0
0.307111 0.8091249 0.5009992 0
-0.1815668 1.197825 1.064534 1

-0.6888609 0.1022079 -0.7176523 0
-0.2817625 0.8744093 0.3949918 0
-0.6678927 -0.4743019 0.5735478 0
-0.1499516 1.20313 1.050348 1

-0.6941591 0.1132204 -0.7108619 0
-0.4284973 0.7285197 0.534462 0
-0.5783886 -0.675604 0.4571938 0
-0.1329195 1.199547 1.087197 1

-0.7218251 0.1159953 -0.6822858 0
-0.597854 0.3921014 0.6991618 0
-0.3486247 -0.9125798 0.2136804 0
-0.1183728 1.195423 1.11512 1

-0.7407828 -0.02114285 -0.6714122 0
-0.5810407 0.5217385 0.6246445 0
-0.3370947 -0.8528439 0.3987796 0
-0.111856 1.201994 1.138919 1

0.5808611 -0.5548742 0.5955794 0
0.392857 -0.4497198 -0.8021319 0
-0.7129263 -0.6999047 0.0432386 0
-0.2177234 1.172313 1.334627 1

-0.03854734 -0.9977722 -0.05445141 0
-0.9788075 0.0486701 -0.1989155 0
-0.2011226 -0.0456297 0.978503 0
-0.199746 1.173625 1.264492 1

0.1119845 -0.9931385 -0.03370221 0
0.07347742 -0.02554705 0.9969699 0
0.9909899 0.1141214 -0.07011257 0
-0.1964693 1.126732 1.326299 1

-0.02868788 -0.9887049 -0.1471047 0
0.4971052 -0.1417881 0.8560273 0
0.867216 0.04856883 -0.4955579 0
-0.2007073 1.100629 1.325461 1

-0.04896196 -0.9890799 -0.1390103 0
0.4957952 -0.1448873 0.8562679 0
0.8670583 0.0269961 -0.4974752 0
-0.2145413 1.074776 1.332019 1

-0.9051079 0.4109913 -0.1089317 0
0.2940456 0.4200041 -0.8585652 0
0.307111 0.8091249 0.5009992 0
-0.1736109 1.209188 1.041304 1

-0.6888609 0.1022079 -0.7176523 0
-0.2817625 0.8744093 0.3949918 0
-0.6678927 -0.4743019 0.5735478 0
-0.1565289 1.223541 1.059569 1

-0.6941591 0.1132204 -0.7108619 0
-0.4284973 0.7285197 0.534462 0
-0.5783886 -0.675604 0.4571938 0
-0.144712 1.219596 1.101905 1

-0.7218251 0.1159953 -0.6822858 0
-0.597854 0.3921014 0.6991618 0
-0.3486247 -0.9125798 0.2136804 0
-0.1320082 1.204365 1.131065 1

-0.7407828 -0.02114285 -0.6714122 0
-0.5810407 0.5217385 0.6246445 0
-0.3370947 -0.8528439 0.3987796 0
-0.1214986 1.210652 1.149285 1

0.5808611 -0.5548742 0.5955794 0
0.392857 -0.4497198 -0.8021319 0
-0.7129263 -0.6999047 0.0432386 0
-0.2072992 1.16038 1.313343 1

-0.03854734 -0.9977722 -0.05445141 0
-0.9788075 0.0486701 -0.1989155 0
-0.2011226 -0.0456297 0.978503 0
-0.2228807 1.174776 1.259791 1

0.1119845 -0.9931385 -0.03370221 0
0.07347742 -0.02554705 0.9969699 0
0.9909899 0.1141214 -0.07011257 0
-0.1944916 1.126044 1.353133 1

-0.02868788 -0.9887049 -0.1471047 0
0.4971052 -0.1417881 0.8560273 0
0.867216 0.04856883 -0.4955579 0
-0.1890096 1.097292 1.345605 1

-0.04896196 -0.9890799 -0.1390103 0
0.4957952 -0.1448873 0.8562679 0
0.8670583 0.0269961 -0.4974752 0
-0.2065485 1.07244 1.345823 1

0.9833443 -0.009726452 0.181492 0
0.04203646 0.9836631 -0.1750423 0
0.1768244 -0.1797561 -0.9676884 0
-0.2525202 0.7231129 1.757249 1

0.9676656 0.008456035 0.2520949 0
0.07619211 0.9429522 -0.3240927 0
0.240454 -0.332821 -0.911818 0
-0.2472122 0.7969753 1.732447 1

-0.9695914 0.05000332 -0.2395658 0
-0.09372668 -0.98014 0.1747593 0
0.2260695 -0.1918988 -0.9550222 0
-0.1718217 0.6757979 1.784701 1

-0.9926171 -0.05857509 -0.1062091 0
0.1206008 -0.5698967 -0.8128181 0
0.01291732 0.819626 -0.5727533 0
-0.3385909 0.6774472 1.753921 1

0.9633651 0.01886467 0.2675292 0
0.07062671 0.9444682 -0.3209234 0
0.2587269 -0.3280612 -0.9085352 0
-0.2380488 0.9103808 1.69347 1

-0.96588 -0.1651081 -0.1995365 0
-0.06665305 -0.5860209 0.80755 0
0.2502656 -0.7932961 -0.5550212 0
-0.2023347 0.3567106 1.841595 1

-0.9983803 -0.03616712 -0.04391946 0
0.02368763 -0.9660951 0.257098 0
0.05172884 -0.2556413 -0.9653869 0
-0.299329 0.4919158 1.489306 1

0.9588535 0.03043814 0.2822648 0
0.09256073 0.9063931 -0.4121701 0
0.2683885 -0.4213375 -0.8662809 0
-0.2299172 1.019122 1.65652 1

0.9633651 0.01886467 0.2675292 0
0.08160131 0.9296108 -0.3593951 0
0.2554779 -0.3680594 -0.8940154 0
-0.1145846 0.8658206 1.821042 1

0.9633651 0.01886467 0.2675292 0
0.08160131 0.9296108 -0.3593951 0
0.2554779 -0.3680594 -0.8940154 0
-0.4078923 0.8600771 1.73959 1

-0.8220396 -0.1616061 -0.5460165 0
0.3740084 -0.8762823 -0.3037222 0
0.4293811 0.4538864 -0.780781 0
-0.2241818 0.1646285 2.106288 1

-0.9835503 -0.04827178 0.1740658 0
-0.1169067 -0.5644896 -0.8171195 0
-0.1377022 0.8240275 -0.5495605 0
-0.2915648 0.1752553 1.573576 1

0.9698402 -0.01997494 0.242922 0
0.1387954 0.8645291 -0.4830376 0
0.2003645 -0.5021856 -0.8412275 0
-0.2212395 1.199335 1.607609 1

0.5170797 -0.4363366 -0.7363686 0
-0.7977037 0.06624091 -0.5994005 0
-0.3103181 -0.897342 0.3138156 0
-0.2923285 1.163632 1.633296 1

-0.1791407 0.4330884 0.8833706 0
0.9747888 -0.04327165 0.2188941 0
-0.1330252 -0.9003122 0.4144181 0
-0.1735491 1.167592 1.668679 1

-0.9588537 -0.03043426 -0.2822647 0
-0.2753781 -0.1420778 0.9507791 0
0.06903978 -0.9893874 -0.1278508 0
-0.2405537 1.233058 1.669582 1

0.9618134 0.06708555 0.2653574 0
0.08821972 -0.993741 -0.06853118 0
-0.259099 -0.089324 0.9617115 0
-0.1561022 1.15633 1.576986 1

0.9543234 -0.006259133 0.2987099 0
0.02110336 -0.9958715 -0.08828872 0
-0.2980293 -0.09055978 0.9502514 0
-0.2567905 1.153133 1.547346 1

-0.8067043 -0.1026986 -0.5819629 0
0.549382 0.2325043 -0.8025715 0
-0.2177319 0.9671581 0.1311415 0
-0.1576307 0.008702874 2.052244 1

0.8487213 0.1216406 0.5146605 0
0.03257557 0.9593143 -0.2804551 0
0.5278358 -0.2547936 -0.8102281 0
-0.1796516 0.1388688 2.061136 1

-0.9766363 -0.08693569 0.1965299 0
-0.2129949 0.2701002 -0.9389778 0
-0.02854792 0.9588996 0.2823066 0
-0.3123672 0.07481009 1.428178 1

0.9907562 0.06430617 -0.1194471 0
-0.03335137 0.9689462 0.2450133 0
-0.1314937 0.2387645 -0.9621335 0
-0.311294 0.1801661 1.508216 1

0.9357105 -0.3364368 0.106096 0
0.3500438 0.8481833 -0.3975607 0
-0.04376517 -0.4091399 -0.9114215 0
-0.2066052 1.272392 1.55519 1

0.6568004 0.7435999 -0.1251913 0
0.1157519 -0.2634765 -0.957696 0
0.7451275 -0.6145238 0.2591245 0
-0.3543578 1.168783 1.586687 1

0.3639864 -0.4472176 0.8170134 0
0.1242459 -0.8460311 -0.518454 0
-0.9230802 -0.2902206 0.252379 0
-0.09774967 1.164227 1.6857 1

-0.9588537 -0.03043426 -0.2822647 0
-0.2753781 -0.1420778 0.9507791 0
0.06903978 -0.9893874 -0.1278508 0
-0.2658201 1.220022 1.756818 1

0.9588535 0.03043769 0.2822646 0
-0.01734382 -0.9860989 0.1652519 0
-0.2833707 0.1633479 0.9449967 0
-0.1496061 1.083156 1.57194 1

0.9588534 0.03043857 0.2822649 0
-0.01734304 -0.9860989 0.1652522 0
-0.2833712 0.1633479 0.9449965 0
-0.2552366 1.079803 1.540845 1

-0.8067043 -0.1026986 -0.5819629 0
0.549382 0.2325043 -0.8025715 0
-0.2177319 0.9671581 0.1311415 0
-0.1160154 0.02631497 1.991449 1

-0.9766363 -0.08693569 0.1965299 0
-0.2129949 0.2701002 -0.9389778 0
-0.02854792 0.9588996 0.2823066 0
-0.3285014 0.09527004 1.357051 1

0.9357105 -0.3364368 0.106096 0
0.3500438 0.8481833 -0.3975607 0
-0.04376517 -0.4091399 -0.9114215 0
-0.04944779 1.653197 1.376699 1

0.9357105 -0.3364368 0.106096 0
0.3500438 0.8481833 -0.3975607 0
-0.04376517 -0.4091399 -0.9114215 0
-0.1326566 1.381766 1.230193 1

0.9357105 -0.3364368 0.106096 0
0.3500438 0.8481833 -0.3975607 0
-0.04376517 -0.4091399 -0.9114215 0
-0.06498922 1.360859 1.254166 1

0.9357105 -0.3364368 0.106096 0
0.3500438 0.8481833 -0.3975607 0
-0.04376517 -0.4091399 -0.9114215 0
-0.3037055 1.519481 1.618336 1

0.4682601 0.7587273 0.4528419 0
0.474887 0.2160873 -0.8531054 0
0.7451275 -0.6145238 0.2591246 0
-0.3288352 1.110688 1.375521 1

0.01377482 -0.6807243 -0.7324103 0
-0.3843608 0.6725971 -0.6323611 0
-0.9230802 -0.2902203 0.252379 0
-0.07035422 0.977683 1.571384 1

0.9588535 0.03043769 0.2822646 0
-0.01734382 -0.9860989 0.1652519 0
-0.2833707 0.1633479 0.9449967 0
-0.1513421 0.9844567 1.58848 1

0.9588534 0.03043857 0.2822649 0
-0.01734304 -0.9860989 0.1652522 0
-0.2833712 0.1633479 0.9449965 0
-0.2569724 0.9811035 1.557385 1

-0.76589 -0.02632277 -0.642433 0
0.6428488 -0.05090044 -0.7643003 0
0.01258172 0.9983571 -0.0559057 0
-0.2195666 1.160408 1.179226 1

0.4682601 0.7587273 0.4528419 0
0.474887 0.2160873 -0.8531054 0
0.7451275 -0.6145238 0.2591246 0
-0.2979897 1.124724 1.320109 1

-0.08928752 -0.9935447 -0.06997927 0
-0.05858019 0.07537681 -0.9954332 0
-0.9942818 0.08478053 0.06493224 0
-0.1587933 1.132443 1.425882 1

0.01377482 -0.6807243 -0.7324103 0
-0.3843608 0.6725971 -0.6323611 0
-0.9230802 -0.2902203 0.252379 0
-0.09531975 1.021371 1.53031 1

-0.9350793 0.1245319 -0.3318416 0
0.3539917 0.3751521 -0.8567094 0
-0.01780328 0.9185605 0.39488 0
-0.220762 1.178395 1.131136 1

-0.7195894 -0.03280372 -0.6936249 0
0.5643813 0.5543182 -0.6117234 0
-0.4045555 0.8316584 0.3803675 0
-0.1749798 1.162663 1.06828 1

-0.7005683 -0.02384998 -0.7131871 0
0.4512431 0.7594354 -0.4686556 0
-0.5527965 0.650146 0.5212739 0
-0.1466945 1.154638 1.092586 1

-0.6977848 -0.03253365 -0.7155687 0
0.356722 0.850499 -0.3865246 0
-0.6211653 0.5249701 0.5818594 0
-0.1221435 1.155453 1.111072 1

-0.7089312 -0.1438577 -0.6904506 0
0.1402111 0.9306886 -0.337876 0
-0.6912003 0.3363396 0.6396234 0
-0.1079377 1.166151 1.135109 1

-0.05343913 -0.8688834 -0.4921242 0
-0.6465893 0.4056704 -0.6460297 0
-0.7609643 -0.2836789 0.5834893 0
-0.178562 1.167971 1.394503 1

-0.1063055 -0.9898297 -0.09453385 0
-0.2724003 0.1204263 -0.9546184 0
-0.9562936 0.07573028 0.2824318 0
-0.1710862 1.17858 1.316235 1

-0.02005883 -0.9984133 0.0526193 0
-0.821277 -0.01355991 -0.5703687 0
-0.5701771 0.0546561 0.8197021 0
-0.1654339 1.140988 1.313041 1

-0.1447733 -0.9892331 -0.02141625 0
-0.8636038 0.1368928 -0.4852313 0
-0.4829385 0.05175347 0.874124 0
-0.1683511 1.111298 1.309167 1

-0.155176 -0.9878511 -0.008427275 0
-0.9192401 0.1475126 -0.365018 0
-0.3618264 0.04889526 0.9309627 0
-0.1796207 1.084252 1.317789 1

-0.8454182 0.4635757 -0.2652657 0
0.4648659 0.3940985 -0.7928342 0
0.262998 0.7935897 0.5486785 0
-0.2065888 1.193415 1.096835 1

