MeshAnim
1
22
82
30
0.9701896 0.05238362 0.2366179 0
-0.01201657 0.9855571 -0.1689166 0
0.2420489 -0.1610378 -0.9568068 0
0.001172619 -0.3176157 -0.006260374 1

0.9528552 0.01982788 0.3027768 0
0.08209055 0.9438034 -0.3201501 0
0.2921097 -0.3299118 -0.8976805 0
0.003067355 -0.2433889 -0.03046248 1

-0.984955 0.1209143 -0.1234639 0
-0.06096411 -0.9116341 -0.4064563 0
0.1617003 0.3928143 -0.90529 0
0.08310056 -0.3598257 0.02553131 1

-0.9979175 -0.03210485 -0.05594675 0
0.06004803 -0.7791439 -0.6239623 0
0.02355835 0.6260224 -0.779449 0
-0.08143766 -0.3687099 -0.01459756 1

0.9478361 0.02741922 0.3175766 0
0.07876471 0.9452523 -0.3166925 0
0.3088735 -0.3251864 -0.8937846 0
0.01294011 -0.1298808 -0.06896584 1

-0.9922478 0.019455 -0.1227423 0
-0.1064129 -0.6431657 0.758297 0
0.06419101 -0.7654799 -0.64025 0
0.06325353 -0.6566107 -0.1067917 1

-0.9998005 0.01415924 0.01408647 0
0.008335084 -0.3451404 0.938514 0
-0.01815045 -0.9384443 -0.3449536 0
-0.06188886 -0.6223624 -0.2177303 1

0.9425777 0.03617318 0.3320222 0
0.1081776 0.9074607 -0.4059714 0
0.3159824 -0.4185769 -0.851439 0
0.0220087 -0.02104902 -0.1054283 1

0.9478361 0.02741922 0.3175766 0
0.09187148 0.930517 -0.3545386 0
0.3052316 -0.3652207 -0.8794587 0
0.1299584 -0.1733964 0.06488857 1

0.9478361 0.02741922 0.3175766 0
0.09187148 0.930517 -0.3545386 0
0.3052316 -0.3652207 -0.8794587 0
-0.1586215 -0.1817445 -0.03180135 1

-0.8827235 -0.02867702 -0.469017 0
0.3325705 -0.7432659 -0.5804762 0
0.331958 0.6683812 -0.6656355 0
0.02837421 -0.8674234 0.141758 1

-0.9679551 0.2510508 0.006033435 0
-0.2486725 -0.9615805 0.1162971 0
-0.03499809 -0.11107 -0.9931959 0
-0.05915684 -0.7354903 0.08988977 1

0.9571257 -0.014307 0.2893194 0
0.1525008 0.87405 -0.4612806 0
0.2462801 -0.4856251 -0.8387576 0
0.03207827 0.1592746 -0.1536607 1

0.482061 -0.4314027 -0.7625673 0
-0.8209387 0.08164512 -0.5651493 0
-0.3060669 -0.8984575 0.3147973 0
-0.04002628 0.1230901 -0.1317554 1

-0.229091 0.4308591 0.8728561 0
0.9628904 -0.03113597 0.2680908 0
-0.1426867 -0.901882 0.4077372 0
0.07671391 0.1277604 -0.09020891 1

-0.942578 -0.03616931 -0.3320222 0
-0.3237761 -0.1449732 0.934961 0
0.08195119 -0.9887742 -0.1249378 0
0.009336472 0.192799 -0.09275145 1

0.9461828 0.07285909 0.315325 0
0.09803229 -0.9930778 -0.06470061 0
-0.3084282 -0.09213068 0.9467756 0
0.0990006 0.1167196 -0.1808746 1

0.9374291 -0.0005719811 0.3481758 0
0.03205519 -0.9956099 -0.08794101 0
-0.3466976 -0.09359932 0.9332953 0
2.135558E-05 0.1129211 -0.2157399 1

-0.8678809 0.008733034 -0.4966955 0
0.4948711 0.102587 -0.8628898 0
-0.04341885 0.9946858 0.09335504 0
0.0875518 -0.99968 0.03846805 1

0.9053116 6.92904E-07 0.4247477 0
-6.370246E-07 1 -2.700835E-07 0
0.4247477 3.166497E-08 -0.9053119 0
0.06702499 -0.8780213 0.08626902 1

-0.9658031 0.2544272 0.04990999 0
-0.2208523 -0.7064458 -0.6724274 0
0.1358251 0.6604552 -0.7384781 0
-0.1034056 -0.906594 0.1105837 1

0.9805433 -0.1962322 0.005310223 0
0.1336784 0.6476729 -0.7501001 0
-0.1437544 -0.7362155 -0.6613029 0
-0.08135673 -0.7891824 0.05370166 1

0.9376906 -0.3251585 0.1225091 0
0.3469967 0.8578497 -0.379061 0
-0.01816054 -0.397952 -0.9172265 0
0.04842782 0.2333641 -0.2040845 1

0.6199727 0.7831697 -0.04774001 0
0.1851337 -0.2051395 -0.9610637 0
0.7624693 -0.5869948 0.272172 0
-0.1038624 0.1294389 -0.1757014 1

0.3420734 -0.477693 0.8091943 0
0.1773788 -0.8128367 -0.5548273 0
-0.9227799 -0.3333256 0.1933172 0
0.1515881 0.1253393 -0.06936222 1

-0.942578 -0.03616931 -0.3320222 0
-0.3237761 -0.1449732 0.934961 0
0.08195119 -0.9887742 -0.1249378 0
-0.02037054 0.1794975 -0.006967167 1

0.9425777 0.03617274 0.3320221 0
-0.01965133 -0.9863887 0.1632521 0
-0.3334081 0.1604024 0.9290373 0
0.1062192 0.04359448 -0.1856388 1

0.9425776 0.03617361 0.3320224 0
-0.01965056 -0.9863886 0.1632523 0
-0.3334086 0.1604024 0.9290371 0
0.002381729 0.03960955 -0.2222154 1

-0.8678809 0.008733034 -0.4966955 0
0.4948711 0.102587 -0.8628898 0
-0.04341885 0.9946858 0.09335504 0
0.125038 -0.9919092 -0.02689537 1

-0.9658031 0.2544272 0.04990999 0
-0.2208523 -0.7064458 -0.6724274 0
0.1358251 0.6604552 -0.7384781 0
-0.120135 -0.9601069 0.05964764 1

0.9376906 -0.3251585 0.1225091 0
0.3469967 0.8578497 -0.379061 0
-0.01816054 -0.397952 -0.9172265 0
0.2042172 0.6185085 -0.3742696 1

0.9376906 -0.3251585 0.1225091 0
0.3469967 0.8578497 -0.379061 0
-0.01816054 -0.397952 -0.9172265 0
0.1279727 0.3478881 -0.5259709 1

0.9376906 -0.3251585 0.1225091 0
0.3469967 0.8578497 -0.379061 0
-0.01816054 -0.397952 -0.9172265 0
0.1953791 0.3275859 -0.5007733 1

0.9376906 -0.3251585 0.1225091 0
0.3469967 0.8578497 -0.379061 0
-0.01816054 -0.397952 -0.9172265 0
-0.05341549 0.4782934 -0.1400045 1

0.4420139 0.7797471 0.4434167 0
0.4725085 0.2177878 -0.8539932 0
0.7624694 -0.5869948 0.2721718 0
-0.06304153 0.08420694 -0.3876099 1

0.07070102 -0.6396424 -0.7654144 0
-0.378786 0.692641 -0.6138155 0
-0.92278 -0.3333256 0.1933171 0
0.190699 -0.05388606 -0.1916982 1

0.9425777 0.03617274 0.3320221 0
-0.01965133 -0.9863887 0.1632521 0
-0.3334081 0.1604024 0.9290373 0
0.1042523 -0.05513346 -0.1692988 1

0.9425776 0.03617361 0.3320224 0
-0.01965056 -0.9863886 0.1632523 0
-0.3334086 0.1604024 0.9290371 0
0.0004149064 -0.05911839 -0.2058755 1

-0.7558172 -0.03073258 -0.6540612 0
0.6547779 -0.03163223 -0.7551592 0
-0.002518456 0.999027 -0.04403107 0
0.04567982 0.1343185 -0.5841086 1

0.4420139 0.7797471 0.4434167 0
0.4725085 0.2177878 -0.8539932 0
0.7624694 -0.5869948 0.2721718 0
-0.03235048 0.09835291 -0.4430797 1

-0.07087208 -0.9925047 -0.09955901 0
-0.03594494 0.1022864 -0.9941053 0
-0.9968376 0.06687561 0.0429249 0
0.1035427 0.1054863 -0.3329334 1

0.07070102 -0.6396424 -0.7654144 0
-0.378786 0.692641 -0.6138155 0
-0.92278 -0.3333256 0.1933171 0
0.1660956 -0.008896708 -0.2315676 1

-0.9338647 0.1100787 -0.3402636 0
0.3553675 0.3924035 -0.8483712 0
-0.04013305 0.9131825 0.4055702 0
0.04490694 0.1528561 -0.6319979 1

-0.7090786 -0.03652175 -0.704183 0
0.5618127 0.5742342 -0.5955008 0
-0.4261147 0.8178759 0.3866594 0
0.09185597 0.1385998 -0.694343 1

-0.6894571 -0.02655996 -0.7238395 0
0.4436721 0.7744299 -0.4510139 0
-0.5725417 0.6321018 0.5221523 0
0.1199042 0.1307328 -0.6697122 1

-0.6865505 -0.03499542 -0.7262393 0
0.3487734 0.8605705 -0.3711814 0
-0.6379697 0.5081277 0.5786197 0
0.1441639 0.1317141 -0.6508538 1

-0.6962893 -0.1467733 -0.7025944 0
0.1303174 0.9367489 -0.3248364 0
-0.7058318 0.3177404 0.6331214 0
0.1578413 0.1423467 -0.6264835 1

-0.02709101 -0.8560617 -0.5161633 0
-0.6394464 0.4117303 -0.6492969 0
-0.7683582 -0.3124687 0.5585598 0
0.08393803 0.1415554 -0.3637929 1

-0.08790918 -0.9878478 -0.1281744 0
-0.2469378 0.1462675 -0.9579288 0
-0.9650357 0.0525596 0.2567953 0
0.09310974 0.1544726 -0.4415322 1

-0.007103737 -0.9997178 0.02266527 0
-0.8067415 -0.007663123 -0.5908548 0
-0.5908618 0.02248232 0.8064595 0
0.09946799 0.1170815 -0.4456235 1

-0.1275713 -0.9904514 -0.0522663 0
-0.8538949 0.1364855 -0.5022303 0
-0.5045682 0.01944023 0.8631532 0
0.097144 0.08746791 -0.4503864 1

-0.1383043 -0.9896017 -0.03950236 0
-0.9125693 0.1428335 -0.3831655 0
-0.3848234 0.01694484 0.9228346 0
0.08612699 0.06001282 -0.4427931 1

-0.8516464 0.4499934 -0.2687083 0
0.4651737 0.4127575 -0.7830995 0
0.2414782 0.7919198 0.5608488 0
0.05913519 0.1685673 -0.6659652 1

-0.6773934 0.05637104 -0.7334577 0
-0.02672276 0.9945158 0.1011154 0
-0.7351353 -0.08809471 0.6721723 0
0.1103009 0.1574523 -0.7138938 1

-0.6779251 0.08249678 -0.7304875 0
-0.2667895 0.8983271 0.3490445 0
-0.6850116 -0.4315122 0.5869893 0
0.1350357 0.1571448 -0.6850941 1

-0.6926419 0.08459868 -0.7163032 0
-0.4308226 0.7479565 0.5049288 0
-0.57848 -0.6583344 0.481619 0
0.1548773 0.1581486 -0.6622555 1

-0.720702 -0.04164756 -0.691993 0
-0.5116718 0.7054487 0.4904427 0
-0.4677399 -0.7075365 0.5297282 0
0.1615705 0.1691535 -0.6357791 1

0.5310436 -0.7889082 -0.3092195 0
-0.4362018 0.05833813 -0.8979558 0
-0.7264441 -0.6117357 0.3131431 0
0.0583358 0.1580404 -0.3897896 1

-0.06452174 -0.9939045 -0.08939246 0
-0.7346636 0.107934 -0.6697908 0
-0.6753564 -0.0224573 0.7371497 0
0.08500249 0.1592748 -0.472982 1

0.1177896 -0.9928284 -0.02043665 0
-0.268444 -0.05164848 0.9619099 0
0.9560668 0.1078169 0.2726023 0
0.07195388 0.1168202 -0.4657747 1

-0.01159614 -0.9956088 -0.09289051 0
-0.3625275 -0.08239029 0.9283243 0
0.931901 -0.04444041 0.3599803 0
0.07107177 0.09163523 -0.4657211 1

-0.03778028 -0.996599 -0.07323319 0
-0.5084361 -0.04391938 0.8599792 0
0.8602706 -0.06972466 0.5050476 0
0.06001239 0.06410015 -0.4537579 1

-0.9098681 0.3989605 -0.1138882 0
0.2941685 0.426756 -0.8551869 0
0.2925833 0.8116094 0.5056533 0
0.07750335 0.1848657 -0.6968872 1

-0.6844795 0.09721316 -0.7225216 0
-0.2964741 0.8682998 0.3976916 0
-0.6660261 -0.4864206 0.5655123 0
0.1094126 0.1905084 -0.710533 1

-0.6893277 0.1085241 -0.716275 0
-0.4422399 0.7200809 0.5347032 0
-0.5738041 -0.685351 0.4483781 0
0.126199 0.1868994 -0.673533 1

-0.7169707 0.1111012 -0.688193 0
-0.6078923 0.3835586 0.6952336 0
-0.3412037 -0.9168093 0.2074627 0
0.140678 0.1828003 -0.6456137 1

-0.7346303 -0.02625919 -0.6779592 0
-0.5917441 0.5136217 0.6213146 0
-0.3318994 -0.857615 0.3928609 0
0.1469195 0.189353 -0.621736 1

0.5768325 -0.5604953 0.5942299 0
0.4067658 -0.4337558 -0.8039884 0
-0.7083824 -0.7054791 0.02221398 0
0.04111162 0.160344 -0.425247 1

-0.02785312 -0.9971347 -0.07033203 0
-0.9748352 0.04266353 -0.2188062 0
-0.22118 -0.06246775 0.9732304 0
0.06058349 0.1628624 -0.4952447 1

0.1206155 -0.9916044 -0.04660984 0
0.05687848 -0.03997209 0.9975808 0
0.9910684 0.1229747 -0.05157986 0
0.06306241 0.1151094 -0.4339141 1

-0.0162439 -0.9868543 -0.1607952 0
0.485054 -0.1484033 0.8618 0
0.8743331 0.0639954 -0.4810884 0
0.05912339 0.08891976 -0.435125 1

-0.03663745 -0.9875425 -0.1530282 0
0.4837723 -0.1515186 0.8619781 0
0.8744267 0.04245012 -0.4832972 0
0.04545404 0.06284261 -0.4291337 1

-0.9098681 0.3989605 -0.1138882 0
0.2941685 0.426756 -0.8551869 0
0.2925833 0.8116094 0.5056533 0
0.08546252 0.1964122 -0.7200255 1

-0.6844795 0.09721316 -0.7225216 0
-0.2964741 0.8682998 0.3976916 0
-0.6660261 -0.4864206 0.5655123 0
0.1024919 0.2107775 -0.7012495 1

-0.6893277 0.1085241 -0.716275 0
-0.4422399 0.7200809 0.5347032 0
-0.5738041 -0.685351 0.4483781 0
0.1140284 0.2067164 -0.6588178 1

-0.7169707 0.1111012 -0.688193 0
-0.6078923 0.3835586 0.6952336 0
-0.3412037 -0.9168093 0.2074627 0
0.1268137 0.1915481 -0.6297574 1

-0.7346303 -0.02625919 -0.6779592 0
-0.5917441 0.5136217 0.6213146 0
-0.3318994 -0.857615 0.3928609 0
0.1370992 0.1978767 -0.611425 1

0.5768325 -0.5604953 0.5942299 0
0.4067658 -0.4337558 -0.8039884 0
-0.7083824 -0.7054791 0.02221398 0
0.05190494 0.1488345 -0.4465803 1

-0.02785312 -0.9971347 -0.07033203 0
-0.9748352 0.04266353 -0.2188062 0
-0.22118 -0.06246775 0.9732304 0
0.03754274 0.1638707 -0.5004163 1

0.1206155 -0.9916044 -0.04660984 0
0.05687848 -0.03997209 0.9975808 0
0.9910684 0.1229747 -0.05157986 0
0.06459334 0.1140337 -0.4070639 1

-0.0162439 -0.9868543 -0.1607952 0
0.485054 -0.1484033 0.8618 0
0.8743331 0.0639954 -0.4810884 0
0.0705376 0.08542752 -0.4148453 1

-0.03663745 -0.9875425 -0.1530282 0
0.4837723 -0.1515186 0.8619781 0
0.8744267 0.04245012 -0.4832972 0
0.05325306 0.06039989 -0.4152376 1

0.9741219 0.02854001 0.2242142 0
0.01059588 0.985139 -0.1714323 0
0.2257749 -0.1693717 -0.959343 0
0.0006412013 -0.3109699 -0.008422979 1

0.9569749 0.01718311 0.2896615 0
0.08104341 0.9426926 -0.3236705 0
0.2786234 -0.3332198 -0.9007406 0
0.004092285 -0.2368726 -0.03284892 1

-0.9811219 0.1208207 -0.1510046 0
-0.0840269 -0.969595 -0.2298376 0
0.1741823 0.2128102 -0.9614428 0
0.0818799 -0.3551502 0.02244717 1

-0.9968313 -0.0519596 -0.06023176 0
0.07949266 -0.6785676 -0.730224 0
0.002929121 0.732698 -0.6805476 0
-0.08332522 -0.3599906 -0.01557813 1

0.9521693 0.02722507 0.3043556 0
0.07494449 0.9447953 -0.3189754 0
0.2962379 -0.3265284 -0.8975646 0
0.0138391 -0.1234981 -0.07177567 1

-0.9917716 -0.004369909 -0.1279463 0
-0.1022804 -0.5740199 0.8124284 0
0.07699396 -0.8188298 -0.5688494 0
0.05452471 -0.6708045 -0.05237709 1

-0.999706 -0.02397423 0.00368838 0
0.01640125 -0.5560732 0.8309715 0
0.01787089 -0.8307877 -0.5563028 0
-0.05744616 -0.5809002 -0.2533046 1

0.9471395 0.03834909 0.3185216 0
0.1003021 0.9076653 -0.4075333 0
0.3047396 -0.4179393 -0.8558391 0
0.02246785 -0.01471889 -0.108501 1

0.9521693 0.02722507 0.3043556 0
0.08751561 0.930003 -0.3569807 0
0.2927705 -0.366542 -0.8831378 0
0.132677 -0.1669162 0.06049786 1

0.9521693 0.02722507 0.3043556 0
0.08751561 0.930003 -0.3569807 0
0.2927705 -0.366542 -0.8831378 0
-0.1572221 -0.1752052 -0.03216678 1

-0.8659001 -0.09691017 -0.49074 0
0.380513 -0.7644224 -0.5204504 0
0.3246956 0.637391 -0.6987887 0
0.0209999 -0.8589531 0.2139154 1

-0.9717175 0.2090255 0.1098801 0
-0.2283442 -0.9503185 -0.2115514 0
-0.06020145 0.2306586 -0.9711706 0
-0.05207027 -0.7631663 0.01906584 1

0.9611834 -0.0118246 0.2756563 0
0.1446964 0.8722721 -0.4671234 0
0.2349238 -0.4888779 -0.8401245 0
0.03143703 0.1656225 -0.1568838 1

0.4925508 -0.4307083 -0.7562302 0
-0.8150722 0.0762722 -0.5743167 0
-0.3050424 -0.8992624 0.3134904 0
-0.04026471 0.1292763 -0.1339485 1

-0.2160435 0.4305623 0.8763226 0
0.967593 -0.02575395 0.2511983 0
-0.1307252 -0.9021935 0.4110451 0
0.07704609 0.1342161 -0.0940741 1

-0.9471397 -0.03834522 -0.3185216 0
-0.3100569 -0.1456191 0.9394997 0
0.08240812 -0.9885974 -0.1260324 0
0.009491373 0.199101 -0.09565809 1

0.950422 0.0750415 0.3017721 0
0.0993578 -0.9928585 -0.06603082 0
-0.2946621 -0.09274061 0.9510907 0
0.09806047 0.1232172 -0.1850481 1

0.9423057 0.001593877 0.3347495 0
0.03306137 -0.9955429 -0.08832613 0
-0.3331167 -0.09429761 0.9381585 0
-0.001397807 0.1191902 -0.2184958 1

-0.852581 -0.05330452 -0.5198697 0
0.5067375 0.1588756 -0.8473345 0
-0.1277614 0.9858588 0.1084429 0
0.08870835 -0.9949743 0.1213065 1

0.8910007 0.0664164 0.4491177 0
-0.0409711 0.9969683 -0.06615143 0
0.4521496 -0.04054007 -0.8910203 0
0.06174779 -0.8714622 0.1603585 1

-0.9687955 0.1943731 0.1538009 0
-0.2221431 -0.4056523 -0.8866222 0
0.1099457 0.8931213 -0.4361725 0
-0.09270183 -0.932266 -0.01857762 1

0.9836397 -0.1609715 -0.08088194 0
0.1016157 0.866502 -0.4887219 0
-0.1487546 -0.4725074 -0.8686824 0
-0.07429899 -0.8020037 -0.03272985 1

0.9366724 -0.3299805 0.117292 0
0.3493777 0.8574592 -0.377755 0
-0.02407855 -0.3948121 -0.9184464 0
0.04696277 0.2395173 -0.2078506 1

0.6407818 0.7661533 -0.04907218 0
0.1711264 -0.2048499 -0.9637179 0
0.7484079 -0.6091354 0.2623731 0
-0.1036446 0.1352072 -0.1786073 1

0.3495706 -0.470139 0.8104135 0
0.1625995 -0.8214165 -0.5466592 0
-0.9226928 -0.3228687 0.2106986 0
0.152286 0.1322135 -0.07454097 1

-0.9471397 -0.03834522 -0.3185216 0
-0.3100569 -0.1456191 0.9394997 0
0.08240812 -0.9885974 -0.1260324 0
-0.01895688 0.1857402 -0.009457354 1

0.9471394 0.03834865 0.3185214 0
-0.01507256 -0.9864151 0.1635792 0
-0.3204675 0.1597333 0.9336948 0
0.1053767 0.05010819 -0.1899103 1

0.9471393 0.03834952 0.3185218 0
-0.01507179 -0.9864151 0.1635795 0
-0.3204679 0.1597333 0.9336947 0
0.001036671 0.04588354 -0.2249997 1

-0.852581 -0.05330452 -0.5198697 0
0.5067375 0.1588756 -0.8473345 0
-0.1277614 0.9858588 0.1084429 0
0.1270934 -0.9829396 0.05712136 1

-0.9687955 0.1943731 0.1538009 0
-0.2221431 -0.4056523 -0.8866222 0
0.1099457 0.8931213 -0.4361725 0
-0.109529 -0.9629939 -0.08573882 1

0.9366724 -0.3299805 0.117292 0
0.3493777 0.8574592 -0.377755 0
-0.02407855 -0.3948121 -0.9184464 0
0.2038212 0.6244867 -0.3774494 1

0.9366724 -0.3299805 0.117292 0
0.3493777 0.8574592 -0.377755 0
-0.02407855 -0.3948121 -0.9184464 0
0.1256309 0.3547339 -0.5297053 1

0.9366724 -0.3299805 0.117292 0
0.3493777 0.8574592 -0.377755 0
-0.02407855 -0.3948121 -0.9184464 0
0.1930508 0.3340309 -0.5048729 1

0.9366724 -0.3299805 0.117292 0
0.3493777 0.8574592 -0.377755 0
-0.02407855 -0.3948121 -0.9184464 0
-0.05343821 0.4847097 -0.142513 1

0.4730701 0.7675394 0.4325365 0
0.4648548 0.1995928 -0.8625962 0
0.7484078 -0.6091354 0.2623731 0
-0.06591233 0.09003901 -0.391101 1

0.05608463 -0.6531028 -0.75519 0
-0.381435 0.6849913 -0.6207209 0
-0.9226928 -0.3228686 0.2106986 0
0.1881382 -0.04890382 -0.1950759 1

0.9471394 0.03834865 0.3185214 0
-0.01507256 -0.9864151 0.1635792 0
-0.3204675 0.1597333 0.9336948 0
0.103868 -0.04862237 -0.1735376 1

0.9471393 0.03834952 0.3185218 0
-0.01507179 -0.9864151 0.1635795 0
-0.3204679 0.1597333 0.9336947 0
-0.0004718745 -0.05284703 -0.208627 1

-0.7629824 -0.03270475 -0.6455915 0
0.6464126 -0.04312621 -0.761768 0
0.002928425 0.9985343 -0.05404529 0
0.04104796 0.1359642 -0.5895792 1

0.4730701 0.7675394 0.4325365 0
0.4648548 0.1995928 -0.8625962 0
0.7484078 -0.6091354 0.2623731 0
-0.03571837 0.1030033 -0.4471296 1

-0.07444586 -0.9927267 -0.09461291 0
-0.04221769 0.09792864 -0.9942977 0
-0.996331 0.07002726 0.04920091 0
0.1003723 0.1087085 -0.3379 1

0.05608463 -0.6531028 -0.75519 0
-0.381435 0.6849913 -0.6207209 0
-0.9226928 -0.3228686 0.2106986 0
0.1633627 -0.00441134 -0.2353938 1

-0.9354867 0.1147403 -0.3342142 0
0.3521529 0.3808827 -0.8549367 0
-0.02920057 0.9174767 0.3967168 0
0.03986957 0.1540267 -0.6376415 1

-0.7164735 -0.03880585 -0.6965344 0
0.5602707 0.5628815 -0.6076688 0
-0.4156473 0.8256263 0.3815477 0
0.08605952 0.138865 -0.700339 1

-0.6973715 -0.02952366 -0.7161015 0
0.44456 0.7658968 -0.4645089 0
-0.5621737 0.6422855 0.5209895 0
0.1143241 0.1310755 -0.6759322 1

-0.6945233 -0.03810653 -0.7184604 0
0.3498518 0.8546988 -0.3835281 0
-0.628682 0.5177239 0.5802764 0
0.1387907 0.1320989 -0.6573451 1

-0.7046692 -0.1495818 -0.6935898 0
0.1323627 0.9326535 -0.3356161 0
-0.6970807 0.3283036 0.6374129 0
0.1527924 0.1428916 -0.6332309 1

-0.03504612 -0.8572317 -0.513737 0
-0.6421306 0.4132156 -0.6456946 0
-0.7657937 -0.3072571 0.5649364 0
0.08067005 0.1446968 -0.3687918 1

-0.09179635 -0.9882481 -0.1222275 0
-0.2568415 0.1420907 -0.9559513 0
-0.9620842 0.05635985 0.2668665 0
0.08936535 0.1572375 -0.4466474 1

-0.00856735 -0.9995679 0.02812293 0
-0.8112648 -0.00949423 -0.584602 0
-0.5846163 0.02782378 0.810833 0
0.0955865 0.1198097 -0.4506119 1

-0.1308249 -0.990293 -0.04695668 0
-0.8567926 0.1367642 -0.497194 0
-0.4987897 0.02481334 0.866368 0
0.09314404 0.09018195 -0.4552258 1

-0.1414708 -0.9893541 -0.03412612 0
-0.9146596 0.1438209 -0.3777744 0
-0.3786606 0.02223029 0.9252687 0
0.08209681 0.06279397 -0.4474362 1

-0.8498181 0.4546275 -0.2666891 0
0.4626293 0.4009367 -0.790711 0
0.2525535 0.7953389 0.5510473 0
0.05396914 0.1692766 -0.6718718 1

-0.6843506 0.05348974 -0.7271886 0
-0.01778982 0.995784 0.08998857 0
-0.7289361 -0.0745203 0.6805136 0
0.1044538 0.1573448 -0.7202894 1

-0.6850994 0.07936054 -0.7241138 0
-0.2563233 0.9042124 0.3416116 0
-0.6818631 -0.4196452 0.5991332 0
0.1294859 0.1571965 -0.6917742 1

-0.6997983 0.08161542 -0.7096628 0
-0.4209224 0.7555503 0.5019644 0
-0.5771538 -0.6499869 0.4943789 0
0.1495373 0.158353 -0.6691261 1

-0.7283428 -0.04421 -0.6837852 0
-0.5021734 0.7133887 0.4887728 0
-0.4661958 -0.6993731 0.5417923 0
0.1565802 0.1695809 -0.642835 1

0.5274513 -0.7916456 -0.3083711 0
-0.441627 0.05459626 -0.8955362 0
-0.7257829 -0.6085366 0.3208151 0
0.05496033 0.1612412 -0.3946442 1

-0.06800909 -0.9941704 -0.08366873 0
-0.7415398 0.1064751 -0.6624064 0
-0.6674531 -0.01699391 0.744458 0
0.08093296 0.1619024 -0.4780323 1

0.1160026 -0.9931207 -0.01597182 0
-0.2611366 -0.04600921 0.9642051 0
0.9583067 0.1076792 0.2646773 0
0.06791812 0.1194859 -0.4705499 1

-0.01513664 -0.995977 -0.08832179 0
-0.356621 -0.07714503 0.9310588 0
0.9341267 -0.0455907 0.3540187 0
0.06698334 0.09435773 -0.4704068 1

-0.04119295 -0.9968011 -0.06848779 0
-0.5028646 -0.03854828 0.8635053 0
0.8633832 -0.07001071 0.4996682 0
0.05592243 0.06690979 -0.4582469 1

-0.9074674 0.4055318 -0.1097584 0
0.2900922 0.4158659 -0.8619177 0
0.3038901 0.8140023 0.4950264 0
0.07223685 0.1851082 -0.7030942 1

-0.6910003 0.09450944 -0.7166499 0
-0.2855046 0.8751257 0.3906948 0
-0.6640826 -0.474577 0.5777292 0
0.1038625 0.190443 -0.7172984 1

-0.6961544 0.1056326 -0.7100781 0
-0.4310926 0.7294115 0.5311482 0
-0.5740455 -0.6758704 0.4622455 0
0.1209959 0.1871459 -0.6804593 1

-0.7236657 0.1085439 -0.6815616 0
-0.5980899 0.394147 0.6978084 0
-0.3443782 -0.9126153 0.2203117 0
0.1356643 0.1832548 -0.652582 1

-0.7420279 -0.02859849 -0.6697588 0
-0.5819678 0.5233654 0.6224166 0
-0.3327283 -0.8516287 0.4049949 0
0.1422012 0.1900079 -0.6288397 1

0.5793138 -0.5586293 0.5935735 0
0.4008645 -0.4388092 -0.8042104 0
-0.7097207 -0.7038326 0.03027347 0
0.03752191 0.163397 -0.430006 1

-0.0311462 -0.9974 -0.06498682 0
-0.9770178 0.04409803 -0.2085465 0
-0.2108699 -0.05699785 0.9758512 0
0.05628544 0.1654415 -0.5000495 1

0.1186295 -0.9920428 -0.04217213 0
0.06446889 -0.03468718 0.997317 0
0.9908438 0.1210298 -0.05984096 0
0.05926872 0.1179619 -0.4386132 1

-0.02020758 -0.9875137 -0.1562332 0
0.4903045 -0.1459726 0.8592403 0
0.871317 0.05923856 -0.487132 0
0.05522962 0.09181511 -0.4397205 1

-0.04055125 -0.9881065 -0.1483287 0
0.4890149 -0.1490832 0.8594409 0
0.8713324 0.03768343 -0.4892443 0
0.04152358 0.06580591 -0.4335216 1

-0.9074674 0.4055318 -0.1097584 0
0.2900922 0.4158659 -0.8619177 0
0.3038901 0.8140023 0.4950264 0
0.08008568 0.1963601 -0.7264146 1

-0.6910003 0.09450944 -0.7166499 0
-0.2855046 0.8751257 0.3906948 0
-0.6640826 -0.474577 0.5777292 0
0.09719779 0.2108715 -0.7081782 1

-0.6961544 0.1056326 -0.7100781 0
-0.4310926 0.7294115 0.5311482 0
-0.5740455 -0.6758704 0.4622455 0
0.109132 0.2072198 -0.6658419 1

-0.7236657 0.1085439 -0.6815616 0
-0.5980899 0.394147 0.6978084 0
-0.3443782 -0.9126153 0.2203117 0
0.1220236 0.1922442 -0.6366671 1

-0.7420279 -0.02859849 -0.6697588 0
-0.5819678 0.5233654 0.6224166 0
-0.3327283 -0.8516287 0.4049949 0
0.1325432 0.1986934 -0.6185104 1

0.5793138 -0.5586293 0.5935735 0
0.4008645 -0.4388092 -0.8042104 0
-0.7097207 -0.7038326 0.03027347 0
0.04815866 0.1517534 -0.4513454 1

-0.0311462 -0.9974 -0.06498682 0
-0.9770178 0.04409803 -0.2085465 0
-0.2108699 -0.05699785 0.9758512 0
0.0331931 0.1664839 -0.5049787 1

0.1186295 -0.9920428 -0.04217213 0
0.06446889 -0.03468718 0.997317 0
0.9908438 0.1210298 -0.05984096 0
0.0610039 0.1170282 -0.4117701 1

-0.02020758 -0.9875137 -0.1562332 0
0.4903045 -0.1459726 0.8592403 0
0.871317 0.05923856 -0.487132 0
0.06676739 0.08838022 -0.419501 1

-0.04055125 -0.9881065 -0.1483287 0
0.4890149 -0.1490832 0.8594409 0
0.8713324 0.03768343 -0.4892443 0
0.04940709 0.06340253 -0.4196664 1

0.9789187 0.006266267 0.2041542 0
0.03015554 0.9841416 -0.1748028 0
0.202012 -0.1772741 -0.9632056 0
-0.0001984869 -0.2966715 -0.0103117 1

0.9622148 0.01224129 0.2720162 0
0.08015682 0.9419884 -0.3259337 0
0.2602259 -0.3354222 -0.905414 0
0.004485874 -0.2227433 -0.03504296 1

-0.9759845 0.0999174 -0.1935736 0
-0.09695353 -0.9949813 -0.02474914 0
0.1950749 0.005387179 -0.9807735 0
0.08059906 -0.3426627 0.01903369 1

-0.9937266 -0.07393491 -0.08391108 0
0.1115875 -0.6054248 -0.7880414 0
-0.007461935 0.7924611 -0.6098768 0
-0.08541957 -0.3437257 -0.01558954 1

0.9576985 0.02307972 0.2868465 0
0.07349486 0.9441072 -0.3213414 0
0.2782303 -0.3288299 -0.9024737 0
0.01412606 -0.1094536 -0.07424189 1

-0.9870524 -0.05874916 -0.1492521 0
-0.09184948 -0.555819 0.8262138 0
0.1314965 -0.8292251 -0.5432262 0
0.04903556 -0.6665816 0.01097654 1

-0.9990028 -0.04333594 -0.01075314 0
0.02679239 -0.7744647 0.6320494 0
0.03571839 -0.6311311 -0.7748535 0
-0.04909197 -0.5408234 -0.2721386 1

0.9529713 0.03499226 0.3010339 0
0.09639682 0.906725 -0.4105576 0
0.2873213 -0.4202683 -0.8607097 0
0.0225879 -0.0007535219 -0.1112396 1

0.9576985 0.02307972 0.2868465 0
0.085299 0.9292175 -0.359554 0
0.2748412 -0.368812 -0.8879415 0
0.1351621 -0.1532919 0.05588245 1

0.9576985 0.02307972 0.2868465 0
0.085299 0.9292175 -0.359554 0
0.2748412 -0.368812 -0.8879415 0
-0.1564204 -0.1603189 -0.03145134 1

-0.8474946 -0.1363223 -0.5130001 0
0.3954409 -0.8068569 -0.4388723 0
0.3540894 0.5748033 -0.7377143 0
0.01892974 -0.8487644 0.2817875 1

-0.9581836 0.173281 0.2277233 0
-0.2673786 -0.8256729 -0.4967627 0
-0.1019453 0.5368782 -0.837478 0
-0.04031014 -0.7946724 -0.0649695 1

0.9656414 -0.01510554 0.2594387 0
0.1414487 0.8680297 -0.4759378 0
0.2180112 -0.4962825 -0.8403421 0
0.03138131 0.1794872 -0.1600278 1

0.5025834 -0.4340976 -0.7476424 0
-0.8076788 0.07265891 -0.5851288 0
-0.308326 -0.8979308 0.3140943 0
-0.04003068 0.1434571 -0.1357303 1

-0.1977234 0.4325643 0.8796556 0
0.9716623 -0.03209184 0.234185 0
-0.1295299 -0.9010319 0.413961 0
0.07801095 0.1479815 -0.09802227 1

-0.9529715 -0.03498839 -0.3010338 0
-0.2933329 -0.1431546 0.9452316 0
0.0761665 -0.9890817 -0.126159 0
0.01069593 0.213133 -0.09845587 1

0.9560912 0.07164937 0.2841764 0
0.09419771 -0.993332 -0.06647269 0
-0.2775187 -0.09032281 0.956465 0
0.09730813 0.1367801 -0.1893514 1

0.9482908 -0.001722166 0.3173984 0
0.02749308 -0.9957814 -0.08754395 0
-0.3162102 -0.09174355 0.9442428 0
-0.002762526 0.1331056 -0.2209626 1

-0.8344111 -0.08562074 -0.5444513 0
0.520114 0.2044537 -0.829265 0
-0.1823172 0.9751248 0.1260658 0
0.08929451 -0.9923365 0.2036946 1

0.8739628 0.102336 0.4750962 0
-0.03294802 0.9878063 -0.1521644 0
0.4848747 -0.1173326 -0.8666775 0
0.06157919 -0.8658847 0.2310613 1

-0.9538698 0.1419791 0.2645271 0
-0.2741668 -0.0529227 -0.960225 0
0.1223324 0.988454 -0.08940744 0
-0.08788747 -0.9415928 -0.1533635 1

0.9729992 -0.1375313 -0.1853596 0
0.1031159 0.9775034 -0.1839968 0
-0.2064949 -0.1599153 -0.9652913 0
-0.06628168 -0.8141193 -0.1252402 1

0.9355509 -0.3348978 0.1121968 0
0.3516036 0.8530081 -0.385684 0
-0.03345995 -0.4002758 -0.9157836 0
0.04643821 0.2529216 -0.2117946 1

0.6545776 0.7522343 -0.07531092 0
0.1464513 -0.2239052 -0.9635448 0
0.7416737 -0.6196855 0.256729 0
-0.1028357 0.1491069 -0.1812299 1

0.3569206 -0.4601526 0.8129374 0
0.142217 -0.8333449 -0.5341446 0
-0.9232454 -0.3062606 0.2319966 0
0.1535673 0.145486 -0.07981208 1

-0.9529715 -0.03498839 -0.3010338 0
-0.2933329 -0.1431546 0.9452316 0
0.0761665 -0.9890817 -0.126159 0
-0.01621788 0.1999983 -0.01172923 1

0.9529713 0.03499182 0.3010337 0
-0.01597219 -0.9861327 0.1651895 0
-0.3026395 0.162229 0.9391972 0
0.1042444 0.06363642 -0.1942461 1

0.9529712 0.03499269 0.301034 0
-0.01597141 -0.9861327 0.1651898 0
-0.3026399 0.162229 0.9391971 0
-0.0007380728 0.05978155 -0.227409 1

-0.8344111 -0.08562074 -0.5444513 0
0.520114 0.2044537 -0.829265 0
-0.1823172 0.9751248 0.1260658 0
0.1286928 -0.9768492 0.1408782 1

-0.9538698 0.1419791 0.2645271 0
-0.2741668 -0.0529227 -0.960225 0
0.1223324 0.988454 -0.08940744 0
-0.1086554 -0.9456016 -0.2261 1

0.9355509 -0.3348978 0.1121968 0
0.3516036 0.8530081 -0.385684 0
-0.03345995 -0.4002758 -0.9157836 0
0.2042959 0.6358926 -0.3849532 1

0.9355509 -0.3348978 0.1121968 0
0.3516036 0.8530081 -0.385684 0
-0.03345995 -0.4002758 -0.9157836 0
0.1233317 0.3656889 -0.5349429 1

0.9355509 -0.3348978 0.1121968 0
0.3516036 0.8530081 -0.385684 0
-0.03345995 -0.4002758 -0.9157836 0
0.1908145 0.344732 -0.5104969 1

0.9355509 -0.3348978 0.1121968 0
0.3516036 0.8530081 -0.385684 0
-0.03345995 -0.4002758 -0.9157836 0
-0.05199174 0.4991105 -0.1472088 1

0.4765517 0.7561583 0.4484674 0
0.4720366 0.210272 -0.856135 0
0.7416738 -0.6196855 0.256729 0
-0.07054409 0.09973729 -0.3936855 1

0.03400965 -0.6665995 -0.7446399 0
-0.3827026 0.6795954 -0.6258507 0
-0.9232455 -0.3062605 0.2319967 0
0.1849252 -0.03826129 -0.1975876 1

0.9529713 0.03499182 0.3010337 0
-0.01597219 -0.9861327 0.1651895 0
-0.3026395 0.162229 0.9391972 0
0.1026457 -0.03506601 -0.1777122 1

0.9529712 0.03499269 0.301034 0
-0.01597141 -0.9861327 0.1651898 0
-0.3026399 0.162229 0.9391971 0
-0.002336662 -0.03892088 -0.210875 1

-0.7618031 -0.02531853 -0.647314 0
0.6477689 -0.04087758 -0.7607396 0
0.00719988 0.9988434 -0.04754119 0
0.03806863 0.1481196 -0.590677 1

0.4765517 0.7561583 0.4484674 0
0.4720366 0.210272 -0.856135 0
0.7416738 -0.6196855 0.256729 0
-0.03988371 0.1133951 -0.4492943 1

-0.08239493 -0.9929729 -0.08494857 0
-0.05062939 0.08929903 -0.9947172 0
-0.9953129 0.07765883 0.0576316 0
0.09686769 0.1181093 -0.3415922 1

0.03400965 -0.6665995 -0.7446399 0
-0.3827026 0.6795954 -0.6258507 0
-0.9232455 -0.3062605 0.2319967 0
0.1600674 0.005880713 -0.2382388 1

-0.9337373 0.1219222 -0.3365563 0
0.3570431 0.3844551 -0.8513018 0
-0.02559812 0.9150572 0.4025113 0
0.0370629 0.1664988 -0.6386231 1

-0.7150839 -0.03108175 -0.6983475 0
0.5646172 0.5633225 -0.6032209 0
-0.4121439 0.8256525 0.3852735 0
0.08331613 0.1515517 -0.7013255 1

-0.696045 -0.0218911 -0.7176647 0
0.4493634 0.7662947 -0.4592008 0
-0.5599948 0.6421164 0.5235384 0
0.1114986 0.1434858 -0.6769134 1

-0.6932196 -0.03053279 -0.7200797 0
0.3541873 0.8557028 -0.3772591 0
-0.6276929 0.5165664 0.5823753 0
0.1359315 0.144286 -0.6582712 1

-0.7038803 -0.1421239 -0.6959552 0
0.1369285 0.9342532 -0.3292754 0
-0.6969959 0.3270664 0.6381415 0
0.1499293 0.1548632 -0.6340593 1

-0.04550287 -0.8614746 -0.5057579 0
-0.6443484 0.4121956 -0.6441349 0
-0.7633771 -0.2965743 0.5738462 0
0.07714056 0.1539602 -0.3726276 1

-0.09972441 -0.9887871 -0.1111554 0
-0.2657728 0.1341235 -0.9546601 0
-0.958864 0.06566083 0.2761682 0
0.08521113 0.1657382 -0.4506693 1

-0.01460118 -0.9991777 0.03782881 0
-0.8166847 -0.009910877 -0.5769991 0
-0.5768995 0.03931903 0.8158684 0
0.09112837 0.1282324 -0.4543515 1

-0.1383159 -0.9897042 -0.03680532 0
-0.8603159 0.1384776 -0.490592 0
-0.4906378 0.03619266 0.8706118 0
0.08843227 0.09858286 -0.4586749 1

-0.1488368 -0.9885732 -0.02388738 0
-0.9170339 0.1470239 -0.3707194 0
-0.3699955 0.03327112 0.9284378 0
0.07726169 0.0713464 -0.4505377 1

-0.8464708 0.4609025 -0.2665639 0
0.4674106 0.403501 -0.786584 0
0.2549799 0.7904152 0.5569825 0
0.05135827 0.1818917 -0.6727076 1

-0.6824041 0.06121366 -0.7284076 0
-0.01273118 0.9953412 0.09557326 0
-0.7308643 -0.07449313 0.6784455 0
0.1018531 0.1700463 -0.7211298 1

-0.6832079 0.08697385 -0.7250261 0
-0.2524619 0.9035202 0.3462863 0
-0.6851935 -0.4196272 0.5953344 0
0.1268241 0.1696204 -0.6925743 1

-0.6980134 0.08915057 -0.7105138 0
-0.4187854 0.7540258 0.5060275 0
-0.5808582 -0.6507668 0.4889852 0
0.1468113 0.170571 -0.6698596 1

-0.7271345 -0.03671997 -0.6855127 0
-0.5001847 0.7122908 0.4923998 0
-0.4702032 -0.7009237 0.5362978 0
0.1538477 0.1815984 -0.643482 1

0.5213084 -0.7976466 -0.3033117 0
-0.4478447 0.04683393 -0.8928839 0
-0.7264109 -0.6013044 0.3328069 0
0.05134201 0.1704637 -0.3984176 1

-0.07557926 -0.9944799 -0.07278483 0
-0.7476314 0.1048157 -0.6557906 0
-0.6597995 -0.004852025 0.7514262 0
0.07648557 0.1701417 -0.4820118 1

0.1095935 -0.9939486 -0.00746974 0
-0.2524855 -0.03510618 0.966964 0
0.9613744 0.1040869 0.2548047 0
0.06327514 0.1278944 -0.4740302 1

-0.02305523 -0.9965947 -0.07916845 0
-0.3486137 -0.06620467 0.9349257 0
0.936983 -0.04915414 0.3459 0
0.06216397 0.102811 -0.4736543 1

-0.04893392 -0.9970526 -0.05909136 0
-0.4951912 -0.02716101 0.8683598 0
0.8674051 -0.07175384 0.4924023 0
0.0510193 0.07555377 -0.4611464 1

-0.9051079 0.4109913 -0.1089317 0
0.2940456 0.4200041 -0.8585652 0
0.307111 0.8091249 0.5009992 0
0.06981476 0.1978246 -0.7037672 1

-0.6888609 0.1022079 -0.7176523 0
-0.2817625 0.8744093 0.3949918 0
-0.6678927 -0.4743019 0.5735478 0
0.10143 0.2031298 -0.7179531 1

-0.6941591 0.1132204 -0.7108619 0
-0.4284973 0.7285197 0.534462 0
-0.5783886 -0.675604 0.4571938 0
0.118462 0.1995471 -0.6811046 1

-0.7218251 0.1159953 -0.6822858 0
-0.597854 0.3921014 0.6991618 0
-0.3486247 -0.9125798 0.2136804 0
0.1330087 0.1954225 -0.6531816 1

-0.7407828 -0.02114285 -0.6714122 0
-0.5810407 0.5217385 0.6246445 0
-0.3370947 -0.8528439 0.3987796 0
0.1395256 0.2019939 -0.6293827 1

0.5808611 -0.5548742 0.5955794 0
0.392857 -0.4497198 -0.8021319 0
-0.7129263 -0.6999047 0.0432386 0
0.0336581 0.172313 -0.4336746 1

-0.03854734 -0.9977722 -0.05445141 0
-0.9788075 0.0486701 -0.1989155 0
-0.2011226 -0.0456297 0.978503 0
0.05163554 0.1736255 -0.5038091 1

0.1119845 -0.9931385 -0.03370221 0
0.07347742 -0.02554705 0.9969699 0
0.9909899 0.1141214 -0.07011257 0
0.05491225 0.1267316 -0.4420022 1

-0.02868788 -0.9887049 -0.1471047 0
0.4971052 -0.1417881 0.8560273 0
0.867216 0.04856883 -0.4955579 0
0.05067419 0.100629 -0.4428405 1

-0.04896196 -0.9890799 -0.1390103 0
0.4957952 -0.1448873 0.8562679 0
0.8670583 0.0269961 -0.4974752 0
0.03684025 0.07477593 -0.4362822 1

-0.9051079 0.4109913 -0.1089317 0
0.2940456 0.4200041 -0.8585652 0
0.307111 0.8091249 0.5009992 0
0.07777061 0.2091883 -0.726997 1

-0.6888609 0.1022079 -0.7176523 0
-0.2817625 0.8744093 0.3949918 0
-0.6678927 -0.4743019 0.5735478 0
0.09485263 0.2235414 -0.7087325 1

-0.6941591 0.1132204 -0.7108619 0
-0.4284973 0.7285197 0.534462 0
-0.5783886 -0.675604 0.4571938 0
0.1066696 0.2195961 -0.666396 1

-0.7218251 0.1159953 -0.6822858 0
-0.597854 0.3921014 0.6991618 0
-0.3486247 -0.9125798 0.2136804 0
0.1193734 0.2043654 -0.6372358 1

-0.7407828 -0.02114285 -0.6714122 0
-0.5810407 0.5217385 0.6246445 0
-0.3370947 -0.8528439 0.3987796 0
0.1298829 0.2106525 -0.6190165 1

0.5808611 -0.5548742 0.5955794 0
0.392857 -0.4497198 -0.8021319 0
-0.7129263 -0.6999047 0.0432386 0
0.04408235 0.1603799 -0.4549586 1

-0.03854734 -0.9977722 -0.05445141 0
-0.9788075 0.0486701 -0.1989155 0
-0.2011226 -0.0456297 0.978503 0
0.02850089 0.1747758 -0.5085106 1

0.1119845 -0.9931385 -0.03370221 0
0.07347742 -0.02554705 0.9969699 0
0.9909899 0.1141214 -0.07011257 0
0.05688994 0.126044 -0.4151685 1

-0.02868788 -0.9887049 -0.1471047 0
0.4971052 -0.1417881 0.8560273 0
0.867216 0.04856883 -0.4955579 0
0.06237198 0.09729242 -0.4226967 1

-0.04896196 -0.9890799 -0.1390103 0
0.4957952 -0.1448873 0.8562679 0
0.8670583 0.0269961 -0.4974752 0
0.04483303 0.07244027 -0.4224781 1

0.9833443 -0.009726452 0.181492 0
0.04203646 0.9836631 -0.1750423 0
0.1768244 -0.1797561 -0.9676884 0
-0.001138686 -0.2768871 -0.01105217 1

0.9676656 0.008456035 0.2520949 0
0.07619211 0.9429522 -0.3240927 0
0.240454 -0.332821 -0.911818 0
0.004169382 -0.2030247 -0.03585419 1

-0.9695914 0.05000332 -0.2395658 0
-0.09372668 -0.98014 0.1747593 0
0.2260695 -0.1918988 -0.9550222 0
0.07955986 -0.3242021 0.01640001 1

-0.9926171 -0.05857509 -0.1062091 0
0.1206008 -0.5698967 -0.8128181 0
0.01291732 0.819626 -0.5727533 0
-0.08720934 -0.3225528 -0.01437985 1

0.9633651 0.01886467 0.2675292 0
0.07062671 0.9444682 -0.3209234 0
0.2587269 -0.3280612 -0.9085352 0
0.01333275 -0.08961916 -0.07483171 1

-0.96588 -0.1651081 -0.1995365 0
-0.06665305 -0.5860209 0.80755 0
0.2502656 -0.7932961 -0.5550212 0
0.04904688 -0.6432893 0.07329337 1

-0.9983803 -0.03616712 -0.04391946 0
0.02368763 -0.9660951 0.257098 0
0.05172884 -0.2556413 -0.9653869 0
-0.04794741 -0.5080842 -0.278995 1

0.9588535 0.03043814 0.2822648 0
0.09256073 0.9063931 -0.4121701 0
0.2683885 -0.4213375 -0.8662809 0
0.02146437 0.01912236 -0.1117813 1

0.9633651 0.01886467 0.2675292 0
0.08160131 0.9296108 -0.3593951 0
0.2554779 -0.3680594 -0.8940154 0
0.136797 -0.1341794 0.05274121 1

0.9633651 0.01886467 0.2675292 0
0.08160131 0.9296108 -0.3593951 0
0.2554779 -0.3680594 -0.8940154 0
-0.1565108 -0.1399229 -0.02871117 1

-0.8220396 -0.1616061 -0.5460165 0
0.3740084 -0.8762823 -0.3037222 0
0.4293811 0.4538864 -0.780781 0
0.02719977 -0.8353715 0.3379869 1

-0.9835503 -0.04827178 0.1740658 0
-0.1169067 -0.5644896 -0.8171195 0
-0.1377022 0.8240275 -0.5495605 0
-0.04018323 -0.8247447 -0.1947251 1

0.9698402 -0.01997494 0.242922 0
0.1387954 0.8645291 -0.4830376 0
0.2003645 -0.5021856 -0.8412275 0
0.03014202 0.1993353 -0.1606927 1

0.5170797 -0.4363366 -0.7363686 0
-0.7977037 0.06624091 -0.5994005 0
-0.3103181 -0.897342 0.3138156 0
-0.04094693 0.163632 -0.1350052 1

-0.1791407 0.4330884 0.8833706 0
0.9747888 -0.04327165 0.2188941 0
-0.1330252 -0.9003122 0.4144181 0
0.07783245 0.1675923 -0.0996221 1

-0.9588537 -0.03043426 -0.2822647 0
-0.2753781 -0.1420778 0.9507791 0
0.06903978 -0.9893874 -0.1278508 0
0.01082784 0.2330582 -0.09871884 1

0.9618134 0.06708555 0.2653574 0
0.08821972 -0.993741 -0.06853118 0
-0.259099 -0.089324 0.9617115 0
0.0952794 0.1563295 -0.1913151 1

0.9543234 -0.006259133 0.2987099 0
0.02110336 -0.9958715 -0.08828872 0
-0.2980293 -0.09055978 0.9502514 0
-0.005408953 0.1531333 -0.2209555 1

-0.8067043 -0.1026986 -0.5819629 0
0.549382 0.2325043 -0.8025715 0
-0.2177319 0.9671581 0.1311415 0
0.09375083 -0.9912971 0.2839425 1

0.8487213 0.1216406 0.5146605 0
0.03257557 0.9593143 -0.2804551 0
0.5278358 -0.2547936 -0.8102281 0
0.07172992 -0.8611312 0.2928346 1

-0.9766363 -0.08693569 0.1965299 0
-0.2129949 0.2701002 -0.9389778 0
-0.02854792 0.9588996 0.2823066 0
-0.06098562 -0.9251899 -0.3401233 1

0.9907562 0.06430617 -0.1194471 0
-0.03335137 0.9689462 0.2450133 0
-0.1314937 0.2387645 -0.9621335 0
-0.05991244 -0.8198339 -0.2600849 1

0.9357105 -0.3364368 0.106096 0
0.3500438 0.8481833 -0.3975607 0
-0.04376517 -0.4091399 -0.9114215 0
0.04477631 0.2723918 -0.2131112 1

0.6568004 0.7435999 -0.1251913 0
0.1157519 -0.2634765 -0.957696 0
0.7451275 -0.6145238 0.2591245 0
-0.1029763 0.1687829 -0.1816145 1

0.3639864 -0.4472176 0.8170134 0
0.1242459 -0.8460311 -0.518454 0
-0.9230802 -0.2902206 0.252379 0
0.1536319 0.1642275 -0.08260092 1

-0.9588537 -0.03043426 -0.2822647 0
-0.2753781 -0.1420778 0.9507791 0
0.06903978 -0.9893874 -0.1278508 0
-0.01443858 0.2200223 -0.01148323 1

0.9588535 0.03043769 0.2822646 0
-0.01734382 -0.9860989 0.1652519 0
-0.2833707 0.1633479 0.9449967 0
0.1017754 0.08315563 -0.1963614 1

0.9588534 0.03043857 0.2822649 0
-0.01734304 -0.9860989 0.1652522 0
-0.2833712 0.1633479 0.9449965 0
-0.003855015 0.07980251 -0.2274566 1

-0.8067043 -0.1026986 -0.5819629 0
0.549382 0.2325043 -0.8025715 0
-0.2177319 0.9671581 0.1311415 0
0.1353662 -0.973685 0.2231481 1

-0.9766363 -0.08693569 0.1965299 0
-0.2129949 0.2701002 -0.9389778 0
-0.02854792 0.9588996 0.2823066 0
-0.07711986 -0.90473 -0.4112504 1

0.9357105 -0.3364368 0.106096 0
0.3500438 0.8481833 -0.3975607 0
-0.04376517 -0.4091399 -0.9114215 0
0.2019338 0.6531966 -0.391602 1

0.9357105 -0.3364368 0.106096 0
0.3500438 0.8481833 -0.3975607 0
-0.04376517 -0.4091399 -0.9114215 0
0.1187249 0.3817663 -0.5381079 1

0.9357105 -0.3364368 0.106096 0
0.3500438 0.8481833 -0.3975607 0
-0.04376517 -0.4091399 -0.9114215 0
0.1863923 0.3608587 -0.5141348 1

0.9357105 -0.3364368 0.106096 0
0.3500438 0.8481833 -0.3975607 0
-0.04376517 -0.4091399 -0.9114215 0
-0.05232393 0.5194808 -0.1499657 1

0.4682601 0.7587273 0.4528419 0
0.474887 0.2160873 -0.8531054 0
0.7451275 -0.6145238 0.2591246 0
-0.0774537 0.110688 -0.3927805 1

0.01377482 -0.6807243 -0.7324103 0
-0.3843608 0.6725971 -0.6323611 0
-0.9230802 -0.2902203 0.252379 0
0.1810273 -0.02231699 -0.1969168 1

0.9588535 0.03043769 0.2822646 0
-0.01734382 -0.9860989 0.1652519 0
-0.2833707 0.1633479 0.9449967 0
0.1000395 -0.01554334 -0.1798213 1

0.9588534 0.03043857 0.2822649 0
-0.01734304 -0.9860989 0.1652522 0
-0.2833712 0.1633479 0.9449965 0
-0.005590881 -0.01889652 -0.2109164 1

-0.76589 -0.02632277 -0.642433 0
0.6428488 -0.05090044 -0.7643003 0
0.01258172 0.9983571 -0.0559057 0
0.03181493 0.1604084 -0.589075 1

0.4682601 0.7587273 0.4528419 0
0.474887 0.2160873 -0.8531054 0
0.7451275 -0.6145238 0.2591246 0
-0.04660817 0.1247237 -0.4481926 1

-0.08928752 -0.9935447 -0.06997927 0
-0.05858019 0.07537681 -0.9954332 0
-0.9942818 0.08478053 0.06493224 0
0.09258823 0.1324434 -0.3424193 1

0.01377482 -0.6807243 -0.7324103 0
-0.3843608 0.6725971 -0.6323611 0
-0.9230802 -0.2902203 0.252379 0
0.1560618 0.02137053 -0.2379908 1

-0.9350793 0.1245319 -0.3318416 0
0.3539917 0.3751521 -0.8567094 0
-0.01780328 0.9185605 0.39488 0
0.03061955 0.1783946 -0.6371655 1

-0.7195894 -0.03280372 -0.6936249 0
0.5643813 0.5543182 -0.6117234 0
-0.4045555 0.8316584 0.3803675 0
0.07640171 0.162663 -0.7000214 1

-0.7005683 -0.02384998 -0.7131871 0
0.4512431 0.7594354 -0.4686556 0
-0.5527965 0.650146 0.5212739 0
0.104687 0.1546384 -0.6757149 1

-0.6977848 -0.03253365 -0.7155687 0
0.356722 0.850499 -0.3865246 0
-0.6211653 0.5249701 0.5818594 0
0.1292381 0.1554532 -0.657229 1

