MeshAnim
1
277
79
30
0.74545310 0.03277162 -0.66575190 0.00000000
-0.08392826 0.99545630 -0.04497452 0.00000000
0.66125310 0.08940181 0.74481650 0.00000000
0.01312186 0.86465350 0.00102533 1.00000000

0.97118690 0.20137500 0.12745290 0.00000000
0.23140880 -0.92469070 -0.30232030 0.00000000
0.05697456 0.32310320 -0.94464730 0.00000000
0.11096340 0.83758100 -0.08981209 1.00000000

0.97118690 0.20137500 0.12745290 0.00000000
0.15902400 -0.94591120 0.28277880 0.00000000
0.17750350 -0.25436300 -0.95067990 0.00000000
0.21286530 0.43038950 -0.22294010 1.00000000

0.99132810 0.06231830 -0.11569310 0.00000000
0.06203513 -0.99805580 -0.00605083 0.00000000
-0.11584540 -0.00117872 -0.99326680 0.00000000
0.26358780 0.12868010 -0.13274450 1.00000000

0.99116860 0.06228925 -0.11706690 0.00000000
0.06660189 -0.99722440 0.03329090 0.00000000
-0.11466840 -0.04079388 -0.99256610 0.00000000
0.25417830 0.02453077 -0.26947160 1.00000000

0.52401640 -0.29522780 -0.79890380 0.00000000
0.29523210 0.94280860 -0.15475800 0.00000000
0.79890230 -0.15476630 0.58120790 0.00000000
-0.08661766 0.82889450 0.08664428 1.00000000

0.52401450 -0.29523400 -0.79890290 0.00000000
-0.15297220 0.89012210 -0.42928110 0.00000000
0.83785940 0.34715940 0.42127420 0.00000000
-0.21662410 0.41372540 0.15479260 1.00000000

0.44429870 -0.10249560 -0.88999620 0.00000000
0.05992603 0.99460910 -0.08462720 0.00000000
0.89387230 -0.01573420 0.44804580 0.00000000
-0.16783200 0.12981020 0.29171720 1.00000000

0.43528010 -0.10270190 -0.89441800 0.00000000
-0.03788717 0.99050240 -0.13217310 0.00000000
0.89949750 0.09141927 0.42725490 0.00000000
-0.29655320 0.02833754 0.23914330 1.00000000

0.57907630 -0.14419930 -0.80241960 0.00000000
-0.03839955 0.97831730 -0.20352070 0.00000000
0.81436860 0.14866650 0.56098320 0.00000000
0.00052236 1.00030700 -0.00641113 1.00000000

0.59664370 -0.11065910 -0.79484020 0.00000000
-0.08588547 0.97595390 -0.20034370 0.00000000
0.79789730 0.18779900 0.57279280 0.00000000
-0.00610271 1.16909500 -0.04152448 1.00000000

0.60181370 -0.43103850 -0.67232890 0.00000000
-0.26368050 0.68739810 -0.67672470 0.00000000
0.75385200 0.58454220 0.30002920 0.00000000
-0.01351334 1.35424400 -0.07286392 1.00000000

-0.08079726 0.85327510 -0.51516340 0.00000000
0.76019840 -0.28152680 -0.58552650 0.00000000
-0.64464730 -0.43893530 -0.62591170 0.00000000
0.00624936 1.39874200 -0.17784310 1.00000000

0.32854100 0.57156320 -0.75191520 0.00000000
0.38816760 -0.80747680 -0.44419270 0.00000000
-0.86103810 -0.14593350 -0.48715150 0.00000000
0.17645360 1.33571000 -0.30893280 1.00000000

0.32730580 0.57141010 -0.75257000 0.00000000
-0.15741490 -0.75233650 -0.63969550 0.00000000
-0.93171430 0.32784160 -0.15629540 0.00000000
0.29250170 1.09430400 -0.44173070 1.00000000

0.58406700 0.33458380 -0.73954030 0.00000000
-0.39837160 -0.67566260 -0.62030640 0.00000000
-0.70722400 0.65691230 -0.26134310 0.00000000
0.25296320 0.90533710 -0.60240550 1.00000000

-0.50601700 -0.21217320 0.83602000 0.00000000
-0.70722400 0.65691230 -0.26134310 0.00000000
-0.49374180 -0.72349740 -0.48246290 0.00000000
0.14120990 0.83541650 -0.64792800 1.00000000

-0.48537780 -0.51732640 -0.70482760 0.00000000
-0.57619890 -0.41704580 0.70289970 0.00000000
-0.65757380 0.74729270 -0.09565797 0.00000000
0.14738250 0.85724510 -0.70124470 1.00000000

-0.29047640 -0.12967040 0.94805560 0.00000000
0.69343140 0.65420540 0.30194070 0.00000000
-0.65937570 0.74511800 -0.10011360 0.00000000
0.11571100 0.83432170 -0.66260900 1.00000000

-0.42428900 -0.69022920 -0.58614220 0.00000000
-0.56686430 -0.30231590 0.76633560 0.00000000
-0.70614710 0.65741040 -0.26299680 0.00000000
0.17931200 0.82723780 -0.69190820 1.00000000

-0.26807410 0.10189940 0.95799410 0.00000000
0.65508940 0.74840010 0.10370730 0.00000000
-0.70639510 0.65537270 -0.26737980 0.00000000
0.14742210 0.81071140 -0.64773540 1.00000000

-0.44726580 -0.84294970 -0.29898010 0.00000000
-0.43135810 -0.08953200 0.89772740 0.00000000
-0.78350720 0.53049020 -0.32356830 0.00000000
0.20706890 0.79803730 -0.67699910 1.00000000

-0.27437700 0.17185140 0.94614200 0.00000000
0.55752470 0.83008860 0.01090750 0.00000000
-0.78350720 0.53049020 -0.32356850 0.00000000
0.18374750 0.79319670 -0.62846340 1.00000000

-0.50162860 -0.86192850 -0.07381088 0.00000000
-0.41170700 0.16282230 0.89665320 0.00000000
-0.76083260 0.48017520 -0.43653790 0.00000000
0.22997020 0.77453800 -0.66304870 1.00000000

-0.11372880 0.57093190 0.81308230 0.00000000
0.63657830 0.67020570 -0.38156610 0.00000000
-0.76278030 0.47419540 -0.43966430 0.00000000
0.20988380 0.78333440 -0.61842440 1.00000000

-0.46074940 0.67380950 -0.57765980 0.00000000
-0.79565620 -0.60197090 -0.06754044 0.00000000
-0.39324420 0.42849940 0.81347880 0.00000000
0.15191790 0.90678400 -0.63958160 1.00000000

-0.91295350 -0.40270090 -0.06593835 0.00000000
0.32939420 -0.82264230 0.46342090 0.00000000
-0.24086400 0.40136210 0.88368180 0.00000000
0.10374370 0.87211010 -0.64460530 1.00000000

0.49193600 0.50193810 -0.71137690 0.00000000
-0.15741490 -0.75233650 -0.63969550 0.00000000
-0.85628220 0.42667070 -0.29108870 0.00000000
0.27445590 1.00805800 -0.51506410 1.00000000

-0.02419272 0.47298140 -0.88074030 0.00000000
0.38811510 -0.80745170 -0.44428470 0.00000000
-0.92129340 -0.35257700 -0.16403660 0.00000000
0.17645360 1.33571000 -0.30893290 1.00000000

0.06200337 0.50377540 -0.86160670 0.00000000
0.38816760 -0.80747680 -0.44419270 0.00000000
-0.91950080 -0.30690640 -0.24561540 0.00000000
0.25020540 1.18228900 -0.39332950 1.00000000

0.32003170 0.35319270 -0.87911020 0.00000000
0.60917020 -0.78737970 -0.09457631 0.00000000
-0.72559710 -0.50526030 -0.46714090 0.00000000
0.20268860 1.36641900 -0.37938830 1.00000000

0.93281080 -0.07344866 -0.35280200 0.00000000
-0.26617200 0.51954970 -0.81192400 0.00000000
0.24293280 0.85127750 0.46509180 0.00000000
-0.06220106 1.47760000 -0.19553010 1.00000000

0.99704170 0.03528743 -0.06828317 0.00000000
-0.04362219 0.99123500 -0.12470100 0.00000000
0.06328428 0.12731080 0.98984190 0.00000000
-0.09447134 1.54059000 -0.29396670 1.00000000

0.99704170 0.03528743 -0.06828317 0.00000000
-0.04362219 0.99123500 -0.12470100 0.00000000
0.06328428 0.12731080 0.98984190 0.00000000
-0.10440140 1.57979900 -0.41869830 1.00000000

0.95842860 -0.28425960 -0.02471524 0.00000000
-0.26686240 -0.92367810 0.27496130 0.00000000
-0.10098920 -0.25693520 -0.96113780 0.00000000
-0.05059282 1.57510500 -0.39859740 1.00000000

0.93974420 0.32629310 -0.10204830 0.00000000
-0.34127720 0.91302370 -0.22342290 0.00000000
0.02027121 0.24478700 0.96936500 0.00000000
-0.15493120 1.57071800 -0.39101740 1.00000000

0.99704160 0.03528738 -0.06828329 0.00000000
0.04362219 -0.99123500 0.12470100 0.00000000
-0.06328443 -0.12731080 -0.98984190 0.00000000
-0.06573267 1.59340600 -0.39110380 1.00000000

0.99704170 0.03528743 -0.06828317 0.00000000
-0.04362219 0.99123500 -0.12470100 0.00000000
0.06328428 0.12731080 0.98984190 0.00000000
-0.13981330 1.59078300 -0.38603030 1.00000000

0.97004370 0.18443160 -0.15811480 0.00000000
0.20321000 -0.97269540 0.11211350 0.00000000
-0.13312030 -0.14088540 -0.98103540 0.00000000
-0.08782223 1.59474300 -0.42828880 1.00000000

0.98499800 0.15158320 -0.08247083 0.00000000
-0.16054290 0.98021140 -0.11580810 0.00000000
0.06328428 0.12731080 0.98984190 0.00000000
-0.11972830 1.59528200 -0.42738420 1.00000000

0.99548800 0.03205714 0.08930662 0.00000000
0.03965321 -0.99562390 -0.08462293 0.00000000
0.08620328 0.08778249 -0.99240300 0.00000000
-0.03761598 1.61478200 -0.41435210 1.00000000

0.98545680 0.03693241 -0.16586430 0.00000000
-0.03638812 0.99931770 0.00632031 0.00000000
0.16598430 -0.00019287 0.98612840 0.00000000
-0.17241890 1.61113400 -0.40632940 1.00000000

0.98574400 0.14695990 -0.08192387 0.00000000
0.15603200 -0.98064050 0.11831450 0.00000000
-0.06295034 -0.12941060 -0.98959100 0.00000000
-0.06574953 1.59364100 -0.39122870 1.00000000

0.99559280 -0.07683611 -0.05376935 0.00000000
0.06660839 0.98296040 -0.17132440 0.00000000
0.06601715 0.16698780 0.98374640 0.00000000
-0.13981530 1.59077900 -0.38606150 1.00000000

0.99481900 0.09605949 -0.03327972 0.00000000
-0.09896009 0.98998810 -0.10065060 0.00000000
0.02327812 0.10342220 0.99436510 0.00000000
-0.09755681 1.55223200 -0.33300280 1.00000000

0.92782380 0.37277470 0.01348886 0.00000000
0.37300080 -0.92681930 -0.04332085 0.00000000
-0.00364724 0.04522550 -0.99897030 0.00000000
-0.07528791 1.51026600 -0.43370720 1.00000000

0.99576200 0.08611978 -0.03226811 0.00000000
-0.08542855 0.99609640 0.02222426 0.00000000
0.03405595 -0.01937356 0.99923210 0.00000000
-0.09965491 1.53042700 -0.43725340 1.00000000

0.97542070 -0.18285410 -0.12295880 0.00000000
0.18710870 0.98204850 0.02389521 0.00000000
0.11638200 -0.04631456 0.99212410 0.00000000
-0.12504990 1.50792300 -0.42767160 1.00000000

0.99748150 -0.06670961 -0.02409700 0.00000000
-0.06000529 -0.97481820 0.21477670 0.00000000
-0.03781781 -0.21278970 -0.97636610 0.00000000
-0.05209322 1.51756800 -0.40579150 1.00000000

0.96205900 0.24312300 -0.12382910 0.00000000
-0.26348810 0.94569610 -0.19034890 0.00000000
0.07082653 0.21575430 0.97387560 0.00000000
-0.14967400 1.51107400 -0.39620390 1.00000000

0.98785110 0.15531990 0.00509340 0.00000000
0.14625070 -0.94025320 0.30746470 0.00000000
0.05254462 -0.30298430 -0.95154590 0.00000000
-0.07602739 1.54372600 -0.42502780 1.00000000

0.99294850 0.09160660 -0.07524297 0.00000000
-0.11044200 0.94549490 -0.30633650 0.00000000
0.04307932 0.31248630 0.94894500 0.00000000
-0.10187970 1.53825800 -0.42588660 1.00000000

0.99199990 0.02895763 -0.12287270 0.00000000
-0.07085997 0.93326240 -0.35213690 0.00000000
0.10447530 0.35802650 0.92784800 0.00000000
-0.12870420 1.54024600 -0.41937440 1.00000000

0.99702360 0.03569349 -0.06833425 0.00000000
0.05194678 -0.96597660 0.25335860 0.00000000
-0.05696586 -0.25615420 -0.96495600 0.00000000
-0.08506303 1.56556900 -0.42028110 1.00000000

0.99702360 0.03569349 -0.06833425 0.00000000
-0.05194674 0.96597680 -0.25335850 0.00000000
0.05696589 0.25615410 0.96495590 0.00000000
-0.10472760 1.55710900 -0.43519930 1.00000000

0.99702360 0.03569349 -0.06833425 0.00000000
-0.05194674 0.96597680 -0.25335850 0.00000000
0.05696589 0.25615410 0.96495590 0.00000000
-0.12274210 1.56408000 -0.41768070 1.00000000

0.99704170 0.03528743 -0.06828317 0.00000000
-0.04359600 0.99128760 -0.12429110 0.00000000
0.06330231 0.12690020 0.98989360 0.00000000
-0.10085070 1.63740000 -0.33708260 1.00000000

0.30365390 -0.86213160 0.40561490 0.00000000
0.41161530 -0.26523770 -0.87190710 0.00000000
0.85928290 0.43171530 0.27432610 0.00000000
-0.06082902 1.44344000 -0.11399670 1.00000000

-0.30411770 -0.74165170 -0.59788390 0.00000000
0.51306280 0.40129740 -0.75876670 0.00000000
0.80266990 -0.53750650 0.25847230 0.00000000
-0.15298030 1.50268400 0.08126200 1.00000000

-0.30297190 -0.74229300 -0.59767000 0.00000000
0.92579630 -0.37802250 0.00018930 0.00000000
-0.22607320 -0.55326330 0.80174220 0.00000000
-0.30501420 1.38376800 0.30610140 1.00000000

-0.02700531 -0.20452960 -0.97848790 0.00000000
0.91701040 -0.39473990 0.05720243 0.00000000
-0.39794780 -0.89573900 0.19821560 0.00000000
-0.53552400 1.47789000 0.30605520 1.00000000

-0.13548020 0.26318130 0.95518650 0.00000000
-0.35794180 -0.91196310 0.20050280 0.00000000
0.92386310 -0.31473680 0.21775640 0.00000000
-0.61742640 1.55175000 0.23703280 1.00000000

0.76929100 -0.61934480 -0.15685500 0.00000000
0.25871710 0.07750559 0.96283880 0.00000000
-0.58417190 -0.78128430 0.21985940 0.00000000
-0.63281750 1.59229200 0.28006370 1.00000000

0.54433800 -0.20297180 0.81394000 0.00000000
-0.62273060 0.55233290 0.55419790 0.00000000
-0.56205240 -0.80853640 0.17425890 0.00000000
-0.64703850 1.58803200 0.22713980 1.00000000

0.79237630 -0.55254630 -0.25851960 0.00000000
0.31677630 0.01052445 0.94844190 0.00000000
-0.52133730 -0.83341580 0.18337280 0.00000000
-0.65219060 1.55326700 0.29049750 1.00000000

0.46972470 -0.13826750 0.87191780 0.00000000
-0.72720030 0.49938230 0.47095310 0.00000000
-0.50053790 -0.85527740 0.13402410 0.00000000
-0.66944720 1.55217200 0.23625480 1.00000000

0.87093170 -0.40299850 -0.28119460 0.00000000
0.32580400 0.04517306 0.94435760 0.00000000
-0.36787210 -0.91408510 0.17064090 0.00000000
-0.66878210 1.51384500 0.29451020 1.00000000

0.56644990 -0.10613200 0.81723340 0.00000000
-0.74576470 0.35596030 0.56314060 0.00000000
-0.35066980 -0.92845480 0.12248400 0.00000000
-0.68639670 1.51140400 0.24345370 1.00000000

0.90869540 -0.35813710 -0.21450040 0.00000000
0.22243200 -0.01943986 0.97475450 0.00000000
-0.35326550 -0.93346670 0.06199616 0.00000000
-0.68120940 1.48051300 0.29691240 1.00000000

0.59828110 -0.19104830 0.77817770 0.00000000
-0.73440590 0.25768290 0.62789140 0.00000000
-0.32048050 -0.94715370 0.01385975 0.00000000
-0.69153090 1.48121700 0.24828010 1.00000000

-0.94632400 -0.27840300 -0.16420300 0.00000000
-0.10453860 -0.21708870 0.97053830 0.00000000
-0.30584740 0.93560930 0.17633250 0.00000000
-0.55748930 1.56825200 0.25680460 1.00000000

-0.05571061 -0.25362960 0.96569600 0.00000000
0.95423820 0.27109160 0.12624880 0.00000000
-0.29381230 0.92853750 0.22692070 0.00000000
-0.54962310 1.58166100 0.19930160 1.00000000

-0.19574540 -0.47981890 -0.85525290 0.00000000
0.92579630 -0.37802250 0.00018930 0.00000000
-0.32339560 -0.79175320 0.51821070 0.00000000
-0.41115000 1.42710300 0.30607920 1.00000000

0.75058130 -0.63854090 0.16998050 0.00000000
0.51319300 0.40127490 -0.75869080 0.00000000
0.41624610 0.65669180 0.62888410 0.00000000
-0.15298030 1.50268400 0.08126200 1.00000000

0.41939790 -0.88847840 -0.18631110 0.00000000
0.51306280 0.40129740 -0.75876670 0.00000000
0.74891400 0.22263590 0.62414850 0.00000000
-0.25046300 1.42643600 0.22542650 1.00000000

0.65459570 -0.72110480 -0.22696300 0.00000000
0.11089170 0.38856710 -0.91472330 0.00000000
0.74780160 0.57360560 0.33431880 0.00000000
-0.20519760 1.56312100 0.09946286 1.00000000

0.74545310 0.03277162 -0.66575190 0.00000000
0.03291443 0.99576240 0.08587119 0.00000000
0.66574490 -0.08592578 0.74121560 0.00000000
-0.14984020 0.90040180 0.06816300 1.00000000

1.00000000 0.00000000 0.00000000 0.00000000
0.00000000 1.00000000 0.00000000 0.00000000
0.00000000 0.00000000 1.00000000 0.00000000
0.00000000 0.00000000 0.00000000 1.00000000

1.00000000 0.00000000 0.00000000 0.00000000
0.00000000 1.00000000 0.00000000 0.00000000
0.00000000 0.00000000 1.00000000 0.00000000
0.00000000 0.00000000 0.00000000 1.00000000

0.75066380 0.03875337 -0.65954690 0.00000000
-0.09173775 0.99472180 -0.04596398 0.00000000
0.65428440 0.09500884 0.75025680 0.00000000
0.01362385 0.86387100 -0.00142958 1.00000000

0.97186550 0.19927700 0.12556330 0.00000000
0.22869330 -0.92593130 -0.30058460 0.00000000
0.05636325 0.32084330 -0.94545390 0.00000000
0.11243610 0.83758400 -0.09144318 1.00000000

0.97186550 0.19927700 0.12556330 0.00000000
0.15651910 -0.94476980 0.28794540 0.00000000
0.17600920 -0.26019120 -0.94937970 0.00000000
0.21314220 0.42984610 -0.22380690 1.00000000

0.99130700 0.06228679 -0.11589110 0.00000000
0.06197126 -0.99805820 -0.00632840 0.00000000
-0.11606030 -0.00090856 -0.99324190 0.00000000
0.26306580 0.12850070 -0.13196330 1.00000000

0.99111760 0.06430261 -0.11640880 0.00000000
0.06881844 -0.99700860 0.03519345 0.00000000
-0.11379760 -0.04289196 -0.99257790 0.00000000
0.25362010 0.02438831 -0.26871590 1.00000000

0.51948180 -0.30028940 -0.79997810 0.00000000
0.29818450 0.94106750 -0.15961830 0.00000000
0.80076490 -0.15562220 0.57840910 0.00000000
-0.08652602 0.82731200 0.08336855 1.00000000

0.51947990 -0.30029570 -0.79997700 0.00000000
-0.15651700 0.88693180 -0.43457410 0.00000000
0.84002570 0.35096250 0.41374180 0.00000000
-0.21783260 0.41290960 0.15365710 1.00000000

0.44380890 -0.10448480 -0.89000940 0.00000000
0.05866320 0.99443660 -0.08749149 0.00000000
0.89419920 -0.01338131 0.44746920 0.00000000
-0.16790980 0.13001200 0.29226990 1.00000000

0.43470700 -0.10582720 -0.89433250 0.00000000
-0.03974482 0.98984960 -0.13644860 0.00000000
0.89969460 0.09486027 0.42608840 0.00000000
-0.29654420 0.02823502 0.24007350 1.00000000

0.58707860 -0.14393400 -0.79663150 0.00000000
-0.04369403 0.97699830 -0.20872270 0.00000000
0.80834980 0.15734470 0.56728580 0.00000000
-0.00002893 0.99941440 -0.00901048 1.00000000

0.60564830 -0.11177240 -0.78784330 0.00000000
-0.08823364 0.97454710 -0.20608930 0.00000000
0.79082560 0.19433190 0.58037070 0.00000000
-0.00756744 1.16797500 -0.04502134 1.00000000

0.61164000 -0.43263930 -0.66235920 0.00000000
-0.25652030 0.68354020 -0.68335200 0.00000000
0.74839410 0.58787410 0.30709990 0.00000000
-0.01549575 1.35293100 -0.07735607 1.00000000

-0.07468867 0.85279140 -0.51688370 0.00000000
0.76547770 -0.28317050 -0.57780480 0.00000000
-0.63911310 -0.43881830 -0.63164300 0.00000000
0.00552791 1.39698800 -0.18227670 1.00000000

0.33263990 0.57725100 -0.74574260 0.00000000
0.38478100 -0.80503360 -0.45151360 0.00000000
-0.86098450 -0.13675620 -0.48990160 0.00000000
0.17691400 1.33358800 -0.31163760 1.00000000

0.33192840 0.57709670 -0.74617900 0.00000000
-0.16835670 -0.74208350 -0.64882060 0.00000000
-0.92815930 0.34098620 -0.14916040 0.00000000
0.29194970 1.09291200 -0.44662420 1.00000000

0.56530200 0.33205680 -0.75509740 0.00000000
-0.41834500 -0.67353030 -0.60938040 0.00000000
-0.71092990 0.66037520 -0.24183380 0.00000000
0.24966280 0.90652020 -0.60959080 1.00000000

-0.48406890 -0.21005490 0.84944370 0.00000000
-0.71092990 0.66037520 -0.24183380 0.00000000
-0.51015310 -0.72095900 -0.46900120 0.00000000
0.13637800 0.83715030 -0.65206860 1.00000000

-0.50686250 -0.51475050 -0.69146420 0.00000000
-0.55882920 -0.41454220 0.71823730 0.00000000
-0.65635400 0.75045780 -0.07754162 0.00000000
0.14120060 0.85896840 -0.70552890 1.00000000

-0.26516490 -0.12862220 0.95558580 0.00000000
0.70451830 0.65077910 0.28309130 0.00000000
-0.65828690 0.74829340 -0.08194712 0.00000000
0.11048390 0.83618250 -0.66605010 1.00000000

-0.44339140 -0.68798550 -0.57452600 0.00000000
-0.54722180 -0.29988090 0.78142180 0.00000000
-0.70989600 0.66086880 -0.24351590 0.00000000
0.17322850 0.82880560 -0.69707210 1.00000000

-0.24139300 0.10283440 0.96496360 0.00000000
0.66124240 0.74522690 0.08599734 0.00000000
-0.71027330 0.65883370 -0.24789110 0.00000000
0.14247500 0.81241600 -0.65205100 1.00000000

-0.45926890 -0.84069750 -0.28687970 0.00000000
-0.40717120 -0.08779347 0.90912260 0.00000000
-0.78948320 0.53434090 -0.30198710 0.00000000
0.20124130 0.79946760 -0.68293130 1.00000000

-0.24768160 0.17282000 0.95330330 0.00000000
0.56157830 0.82741360 -0.00409210 0.00000000
-0.78948320 0.53434100 -0.30198710 0.00000000
0.17922750 0.79472090 -0.63377960 1.00000000

-0.50756900 -0.85949740 -0.06031774 0.00000000
-0.38635000 0.16446430 0.90757110 0.00000000
-0.77013480 0.48395860 -0.41554380 0.00000000
0.22440150 0.77585420 -0.66961530 1.00000000

-0.08881021 0.57117680 0.81600870 0.00000000
0.62914780 0.66729560 -0.39860980 0.00000000
-0.77219560 0.47798940 -0.41861720 0.00000000
0.20558020 0.78473040 -0.62445830 1.00000000

-0.47308390 0.67620860 -0.56474230 0.00000000
-0.80007030 -0.59814140 -0.04598197 0.00000000
-0.36888920 0.43008020 0.82398530 0.00000000
0.14765060 0.90846290 -0.64400080 1.00000000

-0.91632620 -0.39831400 -0.04113999 0.00000000
0.33795560 -0.82437180 0.45408950 0.00000000
-0.21478480 0.40219040 0.89000570 0.00000000
0.09919222 0.87402120 -0.64771840 1.00000000

0.49035560 0.50794570 -0.70819690 0.00000000
-0.16835670 -0.74208350 -0.64882060 0.00000000
-0.85510680 0.43738240 -0.27836870 0.00000000
0.27264960 1.00784100 -0.52100370 1.00000000

-0.02745539 0.47906680 -0.87734900 0.00000000
0.38472810 -0.80500760 -0.45160500 0.00000000
-0.92262160 -0.34993980 -0.16220860 0.00000000
0.17691400 1.33358800 -0.31163760 1.00000000

0.06201634 0.51061970 -0.85756730 0.00000000
0.38478100 -0.80503360 -0.45151360 0.00000000
-0.92092220 -0.30197430 -0.24640200 0.00000000
0.25002240 1.18063100 -0.39742520 1.00000000

0.32900360 0.35177970 -0.87636050 0.00000000
0.60903760 -0.78826960 -0.08777413 0.00000000
-0.72168550 -0.50485840 -0.47359060 0.00000000
0.20318330 1.36430500 -0.38095220 1.00000000

0.93730470 -0.07394902 -0.34057520 0.00000000
-0.25656270 0.51497680 -0.81790860 0.00000000
0.23587170 0.85400860 0.46371770 0.00000000
-0.06288238 1.47558600 -0.20122930 1.00000000

0.99743900 0.03520620 -0.06225803 0.00000000
-0.04248067 0.99190390 -0.11967510 0.00000000
0.05754066 0.12201350 0.99085930 0.00000000
-0.09398764 1.53802100 -0.30039150 1.00000000

0.99743900 0.03520620 -0.06225803 0.00000000
-0.04248067 0.99190390 -0.11967510 0.00000000
0.05754066 0.12201350 0.99085930 0.00000000
-0.10317100 1.57789800 -0.42496860 1.00000000

0.95843910 -0.28455100 -0.02061859 0.00000000
-0.26885030 -0.92500920 0.26847320 0.00000000
-0.09546676 -0.25177200 -0.96306680 0.00000000
-0.04948300 1.57307300 -0.40457840 1.00000000

0.94045350 0.32643280 -0.09481004 0.00000000
-0.33960490 0.91434240 -0.22055890 0.00000000
0.01469114 0.23962350 0.97075480 0.00000000
-0.15386540 1.56869300 -0.39763300 1.00000000

0.99743890 0.03520617 -0.06225806 0.00000000
0.04248067 -0.99190390 0.11967510 0.00000000
-0.05754080 -0.12201340 -0.99085920 0.00000000
-0.06465885 1.59134100 -0.39707620 1.00000000

0.99743900 0.03520620 -0.06225803 0.00000000
-0.04248067 0.99190390 -0.11967510 0.00000000
0.05754066 0.12201350 0.99085930 0.00000000
-0.13876900 1.58872400 -0.39245030 1.00000000

0.97102920 0.18483830 -0.15145080 0.00000000
0.20214710 -0.97336860 0.10812070 0.00000000
-0.12743270 -0.13560380 -0.98253400 0.00000000
-0.08652979 1.59288600 -0.43438230 1.00000000

0.98552670 0.15158110 -0.07589647 0.00000000
-0.15945600 0.98088530 -0.11152540 0.00000000
0.05754066 0.12201350 0.99085930 0.00000000
-0.11844040 1.59343400 -0.43366150 1.00000000

0.99496130 0.03113804 0.09530085 0.00000000
0.03973556 -0.99517700 -0.08968898 0.00000000
0.09204844 0.09302383 -0.99140010 0.00000000
-0.03639771 1.61282800 -0.42004540 1.00000000

0.98642620 0.03737558 -0.15989510 0.00000000
-0.03601056 0.99928610 0.01142758 0.00000000
0.16020790 -0.00551436 0.98706790 0.00000000
-0.17124670 1.60919700 -0.41283130 1.00000000

0.98626760 0.14695470 -0.07536992 0.00000000
0.15493030 -0.98132580 0.11400300 0.00000000
-0.05720913 -0.12411460 -0.99061740 0.00000000
-0.06467488 1.59157600 -0.39720000 1.00000000

0.99585870 -0.07699236 -0.04835010 0.00000000
0.06801762 0.98382860 -0.16569580 0.00000000
0.06032553 0.16172110 0.98499110 0.00000000
-0.13877080 1.58872000 -0.39248160 1.00000000

0.99503650 0.09579211 -0.02694508 0.00000000
-0.09795897 0.99055370 -0.09595582 0.00000000
0.01749861 0.09811915 0.99502090 0.00000000
-0.09683973 1.54987300 -0.33938250 1.00000000

0.92788410 0.37228250 0.02090248 0.00000000
0.37286230 -0.92674250 -0.04607001 0.00000000
0.00222012 0.05054133 -0.99871960 0.00000000
-0.07400024 1.50843200 -0.44017800 1.00000000

0.99596940 0.08584666 -0.02598083 0.00000000
-0.08514438 0.99600200 0.02702678 0.00000000
0.02819699 -0.02470556 0.99929710 0.00000000
-0.09833644 1.52862400 -0.44375820 1.00000000

0.97604840 -0.18262970 -0.11821910 0.00000000
0.18737040 0.98182460 0.03021695 0.00000000
0.11055200 -0.05164392 0.99252780 0.00000000
-0.12379520 1.50608000 -0.43444640 1.00000000

0.99757780 -0.06702465 -0.01861545 0.00000000
-0.06166509 -0.97592010 0.20923190 0.00000000
-0.03219104 -0.20757720 -0.97768910 0.00000000
-0.05096715 1.51557500 -0.41208880 1.00000000

0.96286850 0.24334990 -0.11689860 0.00000000
-0.26197730 0.94681230 -0.18685340 0.00000000
0.06521013 0.21054010 0.97540800 0.00000000
-0.14860110 1.50907400 -0.40310740 1.00000000

0.98786820 0.15485360 0.01170075 0.00000000
0.14406170 -0.94194080 0.30330490 0.00000000
0.05798921 -0.29793970 -0.95282180 0.00000000
-0.07477628 1.54184700 -0.43132470 1.00000000

0.99341010 0.09156345 -0.06894165 0.00000000
-0.10825490 0.94716080 -0.30193940 0.00000000
0.03765211 0.30741300 0.95083120 0.00000000
-0.10062450 1.53639500 -0.43236310 1.00000000

0.99271440 0.02916628 -0.11690800 0.00000000
-0.06840737 0.93515450 -0.34757220 0.00000000
0.09918973 0.35303720 0.93033650 0.00000000
-0.12748500 1.53836000 -0.42599840 1.00000000

0.99742160 0.03561253 -0.06230703 0.00000000
0.05006234 -0.96733440 0.24851170 0.00000000
-0.05142158 -0.25099030 -0.96662300 0.00000000
-0.08382972 1.56366900 -0.42651400 1.00000000

0.99742160 0.03561253 -0.06230703 0.00000000
-0.05006238 0.96733440 -0.24851170 0.00000000
0.05142152 0.25099020 0.96662310 0.00000000
-0.10341000 1.55529700 -0.44159190 1.00000000

0.99742160 0.03561253 -0.06230703 0.00000000
-0.05006238 0.96733440 -0.24851170 0.00000000
0.05142152 0.25099020 0.96662310 0.00000000
-0.12152390 1.56218300 -0.42414220 1.00000000

0.99743900 0.03520620 -0.06225803 0.00000000
-0.04245685 0.99195440 -0.11926480 0.00000000
0.05755827 0.12160270 0.99090860 0.00000000
-0.10007430 1.63506200 -0.34302800 1.00000000

0.29879110 -0.86180730 0.40989280 0.00000000
0.42388840 -0.26496620 -0.86608980 0.00000000
0.85501020 0.43252870 0.28614060 0.00000000
-0.06249218 1.44181200 -0.11952460 1.00000000

-0.29933040 -0.74408610 -0.59727470 0.00000000
0.52402250 0.39492010 -0.75461160 0.00000000
0.79737190 -0.53886370 0.27170630 0.00000000
-0.15739150 1.50099500 0.07443238 1.00000000

-0.29818970 -0.74473010 -0.59704270 0.00000000
0.92599460 -0.37744480 0.00832835 0.00000000
-0.23155280 -0.55037500 0.80216630 0.00000000
-0.31267290 1.38396900 0.29804040 1.00000000

-0.02143979 -0.21174100 -0.97709060 0.00000000
0.91417840 -0.39980630 0.06658107 0.00000000
-0.40474490 -0.89180760 0.20214080 0.00000000
-0.54323220 1.47794800 0.29596790 1.00000000

-0.14052080 0.27119170 0.95221280 0.00000000
-0.36485500 -0.90825430 0.20482950 0.00000000
0.92039930 -0.31863680 0.22657420 0.00000000
-0.62420280 1.55177500 0.22582150 1.00000000

0.76659100 -0.62512720 -0.14681400 0.00000000
0.25247990 0.08321100 0.96401760 0.00000000
-0.59041700 -0.77607480 0.22162080 0.00000000
-0.63964650 1.59273300 0.26843810 1.00000000

0.53742220 -0.20009500 0.81923090 0.00000000
-0.62320670 0.56023530 0.54566470 0.00000000
-0.56814670 -0.80380270 0.17638220 0.00000000
-0.65352470 1.58815900 0.21544950 1.00000000

0.79078760 -0.55923810 -0.24881280 0.00000000
0.31023030 0.01577511 0.95053060 0.00000000
-0.52764770 -0.82885710 0.18596720 0.00000000
-0.65932820 1.55390500 0.27902860 1.00000000

0.46280150 -0.13450750 0.87619790 0.00000000
-0.72741450 0.50728750 0.46209030 0.00000000
-0.50663870 -0.85121510 0.13693070 0.00000000
-0.67621360 1.55250400 0.22467620 1.00000000

0.87040480 -0.41034080 -0.27205880 0.00000000
0.31949630 0.05033701 0.94624990 0.00000000
-0.37459010 -0.91054210 0.17491560 0.00000000
-0.67618610 1.51461600 0.28322070 1.00000000

0.56009800 -0.10336820 0.82195230 0.00000000
-0.74748960 0.36467940 0.55521910 0.00000000
-0.35714090 -0.92537780 0.12698950 0.00000000
-0.69345970 1.51189500 0.23206200 1.00000000

0.90797530 -0.36520560 -0.20544040 0.00000000
0.21552530 -0.01342176 0.97640610 0.00000000
-0.35934620 -0.93083040 0.06652422 0.00000000
-0.68883190 1.48137800 0.28578590 1.00000000

0.59168400 -0.18876640 0.78375850 0.00000000
-0.73717800 0.26682680 0.62078350 0.00000000
-0.32631080 -0.94507710 0.01872277 0.00000000
-0.69881050 1.48177700 0.23707880 1.00000000

-0.94683110 -0.27393620 -0.16873000 0.00000000
-0.11260160 -0.20912630 0.97138430 0.00000000
-0.30138330 0.93873630 0.16716160 0.00000000
-0.56430560 1.56806600 0.24588800 1.00000000

-0.06396368 -0.24599590 0.96715830 0.00000000
0.95496480 0.26629110 0.13088800 0.00000000
-0.28974360 0.93197400 0.21788450 0.00000000
-0.55595860 1.58099200 0.18834240 1.00000000

-0.18982460 -0.48454330 -0.85392310 0.00000000
0.92599460 -0.37744480 0.00832835 0.00000000
-0.32634410 -0.78914730 0.52033270 0.00000000
-0.41883150 1.42723800 0.29708530 1.00000000

0.74604740 -0.64019660 0.18319890 0.00000000
0.52415140 0.39489760 -0.75453380 0.00000000
0.41070520 0.65894190 0.63017240 0.00000000
-0.15739150 1.50099500 0.07443237 1.00000000

0.41846580 -0.89106810 -0.17573970 0.00000000
0.52402250 0.39492010 -0.75461160 0.00000000
0.74181340 0.22368750 0.63220020 0.00000000
-0.25695650 1.42595900 0.21780730 1.00000000

0.65832960 -0.72053610 -0.21778400 0.00000000
0.12319320 0.38855980 -0.91315110 0.00000000
0.74258040 0.57432480 0.34456560 0.00000000
-0.20963330 1.56119700 0.09161779 1.00000000

0.75066380 0.03875337 -0.65954690 0.00000000
0.02400736 0.99601900 0.08584762 0.00000000
0.66024810 -0.08027668 0.74674500 0.00000000
-0.15017890 0.89829240 0.06434166 1.00000000

1.00000000 0.00000000 0.00000000 0.00000000
0.00000000 1.00000000 0.00000000 0.00000000
0.00000000 0.00000000 1.00000000 0.00000000
0.00000000 0.00000000 0.00000000 1.00000000

1.00000000 0.00000000 0.00000000 0.00000000
0.00000000 1.00000000 0.00000000 0.00000000
0.00000000 0.00000000 1.00000000 0.00000000
0.00000000 0.00000000 0.00000000 1.00000000

0.75562840 0.04530324 -0.65343200 0.00000000
-0.10195890 0.99358020 -0.04901908 0.00000000
0.64701630 0.10366340 0.75539650 0.00000000
0.01470981 0.86348960 -0.00683458 1.00000000

0.97288200 0.19610060 0.12265960 0.00000000
0.22448460 -0.92831170 -0.29638520 0.00000000
0.05574501 0.31588300 -0.94715920 0.00000000
0.11453680 0.83805940 -0.09597051 1.00000000

0.97288200 0.19610060 0.12265960 0.00000000
0.15306490 -0.94340370 0.29421220 0.00000000
0.17341270 -0.26745890 -0.94783640 0.00000000
0.21338950 0.42927350 -0.22648500 1.00000000

0.99125990 0.06220565 -0.11633690 0.00000000
0.06181044 -0.99806340 -0.00700499 0.00000000
-0.11654740 -0.00024706 -0.99318520 0.00000000
0.26221130 0.12836370 -0.13264260 1.00000000

0.99098580 0.06663743 -0.11621850 0.00000000
0.07122763 -0.99681770 0.03579628 0.00000000
-0.11346330 -0.04375155 -0.99257840 0.00000000
0.25268210 0.02434140 -0.26945790 1.00000000

0.51279220 -0.30697520 -0.80175450 0.00000000
0.30108320 0.93887750 -0.16690760 0.00000000
0.80398580 -0.15580590 0.57387420 0.00000000
-0.08574125 0.82605140 0.07722046 1.00000000

0.51279020 -0.30698150 -0.80175350 0.00000000
-0.15805830 0.88416370 -0.43962720 0.00000000
0.84383880 0.35216030 0.40486950 0.00000000
-0.21832430 0.41261350 0.15071880 1.00000000

0.44266860 -0.10862600 -0.89008140 0.00000000
0.05571733 0.99404930 -0.09360413 0.00000000
0.89495270 -0.00815730 0.44608690 0.00000000
-0.16790990 0.13059870 0.29094350 1.00000000

0.43341660 -0.11110650 -0.89431850 0.00000000
-0.04331465 0.98865570 -0.14381830 0.00000000
0.90015220 0.10107040 0.42368730 0.00000000
-0.29634060 0.02814615 0.23957320 1.00000000

0.59540190 -0.14242280 -0.79070370 0.00000000
-0.05129811 0.97541530 -0.21432100 0.00000000
0.80178870 0.16816870 0.57345820 0.00000000
-0.00032473 0.99886210 -0.01484122 1.00000000

0.61491530 -0.11125180 -0.78070620 0.00000000
-0.09246728 0.97299750 -0.21148460 0.00000000
0.78315320 0.20223490 0.58802400 0.00000000
-0.00917518 1.16715000 -0.05181793 1.00000000

0.62216670 -0.43236520 -0.65266300 0.00000000
-0.25034600 0.68001580 -0.68913390 0.00000000
0.74177860 0.59214760 0.31484230 0.00000000
-0.01798146 1.35190100 -0.08508141 1.00000000

-0.07077436 0.85268500 -0.51760930 0.00000000
0.77110110 -0.28240620 -0.57065760 0.00000000
-0.63276730 -0.43951690 -0.63751920 0.00000000
0.00424152 1.39567600 -0.18987300 1.00000000

0.33649300 0.58568710 -0.73738940 0.00000000
0.38192370 -0.80063870 -0.46164070 0.00000000
-0.86075940 -0.12628760 -0.49309720 0.00000000
0.17688650 1.33244700 -0.31763360 1.00000000

0.33674920 0.58551000 -0.73741300 0.00000000
-0.17556380 -0.73037660 -0.66009660 0.00000000
-0.92508230 0.35175010 -0.14315950 0.00000000
0.29106800 1.09308500 -0.45564770 1.00000000

0.54478160 0.33853980 -0.76720510 0.00000000
-0.43354360 -0.66942730 -0.60324720 0.00000000
-0.71781120 0.66125500 -0.21792010 0.00000000
0.24697090 0.90963360 -0.62144670 1.00000000

-0.46122120 -0.21715170 0.86030240 0.00000000
-0.71781120 0.66125500 -0.21792000 0.00000000
-0.52155750 -0.71804410 -0.46085870 0.00000000
0.13268130 0.84043910 -0.66144650 1.00000000

-0.52437690 -0.51014470 -0.68174880 0.00000000
-0.53919270 -0.42073360 0.72955790 0.00000000
-0.65901480 0.75015720 -0.05444324 0.00000000
0.13606530 0.86266960 -0.71484710 1.00000000

-0.23968050 -0.13623950 0.96124510 0.00000000
0.71102150 0.64953780 0.26934940 0.00000000
-0.66106100 0.74802370 -0.05881241 0.00000000
0.10642790 0.83954350 -0.67474620 1.00000000

-0.45764420 -0.68418040 -0.56785500 0.00000000
-0.52604840 -0.30654130 0.79328780 0.00000000
-0.71682290 0.66176270 -0.21962520 0.00000000
0.16833930 0.83248580 -0.70747000 1.00000000

-0.21592900 0.09517024 0.97175990 0.00000000
0.66244770 0.74542520 0.07419470 0.00000000
-0.71731310 0.65976070 -0.22400420 0.00000000
0.13880440 0.81571330 -0.66177890 1.00000000

-0.46574520 -0.83909740 -0.28106490 0.00000000
-0.38291080 -0.09524643 0.91886200 0.00000000
-0.79778520 0.53557820 -0.27693910 0.00000000
0.19674870 0.80307810 -0.69429860 1.00000000

-0.22260190 0.16523400 0.96080490 0.00000000
0.56034600 0.82816300 -0.01260060 0.00000000
-0.79778520 0.53557830 -0.27693890 0.00000000
0.17604670 0.79792850 -0.64462040 1.00000000

-0.50802120 -0.85968420 -0.05345652 0.00000000
-0.36242070 0.15704320 0.91868870 0.00000000
-0.78138720 0.48608720 -0.39134870 0.00000000
0.22027910 0.77939460 -0.68177970 1.00000000

-0.06786022 0.56483380 0.82240990 0.00000000
0.61764790 0.67114070 -0.40997700 0.00000000
-0.78352180 0.48013860 -0.39441210 0.00000000
0.20264740 0.78790220 -0.63607480 1.00000000

-0.48859760 0.67985930 -0.54686730 0.00000000
-0.80033480 -0.59883210 -0.02940392 0.00000000
-0.34747230 0.42331030 0.83670290 0.00000000
0.14408330 0.91170300 -0.65313460 1.00000000

-0.91664590 -0.39920130 -0.01996651 0.00000000
0.35075930 -0.82735500 0.43869320 0.00000000
-0.19164610 0.39512290 0.89841510 0.00000000
0.09558193 0.87722650 -0.65583410 1.00000000

0.48842960 0.51754560 -0.70255440 0.00000000
-0.17556380 -0.73037660 -0.66009660 0.00000000
-0.85475960 0.44575380 -0.26587540 0.00000000
0.27094160 1.00935600 -0.53132000 1.00000000

-0.03453222 0.48688380 -0.87278390 0.00000000
0.38187000 -0.80061200 -0.46173140 0.00000000
-0.92357080 -0.34923460 -0.15827950 0.00000000
0.17688660 1.33244600 -0.31763360 1.00000000

0.05981988 0.51987460 -0.85214560 0.00000000
0.38192370 -0.80063870 -0.46164070 0.00000000
-0.92225600 -0.29783930 -0.24644650 0.00000000
0.24945210 1.18032500 -0.40534530 1.00000000

0.33675700 0.35207370 -0.87329190 0.00000000
0.61064460 -0.78764100 -0.08206742 0.00000000
-0.71673420 -0.50563420 -0.48023560 0.00000000
0.20294150 1.36333500 -0.38562770 1.00000000

0.94200100 -0.07184826 -0.32782950 0.00000000
-0.24754160 0.51085140 -0.82325820 0.00000000
0.22662180 0.85666130 0.46343710 0.00000000
-0.06424346 1.47391300 -0.21001000 1.00000000

0.99773430 0.03791485 -0.05557704 0.00000000
-0.04398400 0.99268950 -0.11239630 0.00000000
0.05090943 0.11458620 0.99210790 0.00000000
-0.09425505 1.53584800 -0.30982070 1.00000000

0.99773430 0.03791485 -0.05557704 0.00000000
-0.04398400 0.99268950 -0.11239630 0.00000000
0.05090943 0.11458620 0.99210790 0.00000000
-0.10273110 1.57665300 -0.43414720 1.00000000

0.95920060 -0.28223700 -0.01662305 0.00000000
-0.26844670 -0.92762890 0.25969510 0.00000000
-0.08871561 -0.24463740 -0.96554800 0.00000000
-0.04916395 1.57179300 -0.41344970 1.00000000

0.94027780 0.32929180 -0.08628216 0.00000000
-0.34031620 0.91521610 -0.21578820 0.00000000
0.00790963 0.23226410 0.97262070 0.00000000
-0.15357780 1.56712700 -0.40720970 1.00000000

0.99773420 0.03791484 -0.05557713 0.00000000
0.04398400 -0.99268950 0.11239630 0.00000000
-0.05090946 -0.11458620 -0.99210790 0.00000000
-0.06442937 1.58996900 -0.40590660 1.00000000

0.99773430 0.03791485 -0.05557704 0.00000000
-0.04398400 0.99268950 -0.11239630 0.00000000
0.05090943 0.11458620 0.99210790 0.00000000
-0.13856140 1.58715100 -0.40177690 1.00000000

0.97155400 0.18816290 -0.14379680 0.00000000
0.20367830 -0.97370910 0.10200940 0.00000000
-0.12082200 -0.12839610 -0.98433570 0.00000000
-0.08606419 1.59174900 -0.44333950 1.00000000

0.98564320 0.15436340 -0.06840619 0.00000000
-0.16098350 0.98134710 -0.10508240 0.00000000
0.05090943 0.11458620 0.99210790 0.00000000
-0.11797990 1.59222100 -0.44281960 1.00000000

0.99425630 0.03264043 0.10192700 0.00000000
0.04258821 -0.99437300 -0.09699987 0.00000000
0.09818718 0.10078360 -0.99005170 0.00000000
-0.03607082 1.61169400 -0.42852940 1.00000000

0.98734250 0.04080369 -0.15326360 0.00000000
-0.03837109 0.99908690 0.01879758 0.00000000
0.15389060 -0.01267875 0.98800670 0.00000000
-0.17095470 1.60770600 -0.42220990 1.00000000

0.98639110 0.14973470 -0.06790996 0.00000000
0.15644320 -0.98181640 0.10752750 0.00000000
-0.05057460 -0.11668830 -0.99188020 0.00000000
-0.06444517 1.59020500 -0.40602860 1.00000000

0.99632170 -0.07438980 -0.04253373 0.00000000
0.06682516 0.98521300 -0.15776610 0.00000000
0.05364096 0.15434350 0.98656010 0.00000000
-0.13856300 1.58714700 -0.40180830 1.00000000

0.99496700 0.09822433 -0.01982042 0.00000000
-0.09960985 0.99103430 -0.08904521 0.00000000
0.01089647 0.09057150 0.99583040 0.00000000
-0.09688427 1.54799000 -0.34873790 1.00000000

0.92687760 0.37418750 0.02969542 0.00000000
0.37526740 -0.92552800 -0.05071977 0.00000000
0.00850514 0.05815466 -0.99827150 0.00000000
-0.07330695 1.50737100 -0.44969930 1.00000000

0.99591650 0.08827360 -0.01892588 0.00000000
-0.08759606 0.99557380 0.03405505 0.00000000
0.02184829 -0.03225806 0.99924090 0.00000000
-0.09766337 1.52753500 -0.45327960 1.00000000

0.97720250 -0.17953200 -0.11332900 0.00000000
0.18492030 0.98198400 0.03888683 0.00000000
0.10430600 -0.05895723 0.99279640 0.00000000
-0.12312720 1.50486400 -0.44430590 1.00000000

0.99782730 -0.06464498 -0.01271737 0.00000000
-0.06076896 -0.97762110 0.20140730 0.00000000
-0.02545267 -0.20019690 -0.97942520 0.00000000
-0.05047226 1.51435100 -0.42140960 1.00000000

0.96303860 0.24639080 -0.10885000 0.00000000
-0.26294120 0.94761860 -0.18133140 0.00000000
0.05847007 0.20325030 0.97737950 0.00000000
-0.14813900 1.50756200 -0.41310610 1.00000000

0.98741480 0.15697900 0.01922518 0.00000000
0.14427730 -0.94389950 0.29704940 0.00000000
0.06477705 -0.29053730 -0.95466890 0.00000000
-0.07421555 1.54071500 -0.44059650 1.00000000

0.99361910 0.09431220 -0.06185746 0.00000000
-0.10848610 0.94918970 -0.29541460 0.00000000
0.03085354 0.30024030 0.95336460 0.00000000
-0.10004220 1.53521300 -0.44184070 1.00000000

0.99337430 0.03227520 -0.11029920 0.00000000
-0.06831345 0.93762140 -0.34088080 0.00000000
0.09241709 0.34615710 0.93361370 0.00000000
-0.12694580 1.53706900 -0.43563590 1.00000000

0.99771620 0.03832153 -0.05562305 0.00000000
0.05068343 -0.96908580 0.24146220 0.00000000
-0.04465050 -0.24373000 -0.96881480 0.00000000
-0.08334793 1.56248100 -0.43567670 1.00000000

0.99771620 0.03832153 -0.05562305 0.00000000
-0.05068345 0.96908580 -0.24146210 0.00000000
0.04465055 0.24372980 0.96881480 0.00000000
-0.10281180 1.55417900 -0.45094350 1.00000000

0.99771620 0.03832153 -0.05562305 0.00000000
-0.05068345 0.96908580 -0.24146210 0.00000000
0.04465055 0.24372980 0.96881480 0.00000000
-0.12105270 1.56089300 -0.43355850 1.00000000

0.99773430 0.03791485 -0.05557704 0.00000000
-0.04396291 0.99273690 -0.11198540 0.00000000
0.05092752 0.11417500 0.99215450 0.00000000
-0.10029050 1.63319800 -0.35175590 1.00000000

0.29447530 -0.86248360 0.41159010 0.00000000
0.43644260 -0.26177710 -0.86080810 0.00000000
0.85017780 0.43312220 0.29933770 0.00000000
-0.06479108 1.44043100 -0.12818630 1.00000000

-0.29357570 -0.74490870 -0.59910300 0.00000000
0.53783500 0.38940480 -0.74772830 0.00000000
0.79028290 -0.54173340 0.28631820 0.00000000
-0.16250130 1.49890000 0.06458873 1.00000000

-0.29244200 -0.74555740 -0.59885050 0.00000000
0.92597150 -0.37719210 0.01740909 0.00000000
-0.23886110 -0.54942740 0.80067170 0.00000000
-0.32187560 1.38350900 0.28615710 1.00000000

-0.01505911 -0.21879430 -0.97565480 0.00000000
0.90926070 -0.40891680 0.07766676 0.00000000
-0.41595460 -0.88595500 0.20509920 0.00000000
