MeshAnim
1
16
75
30
0.99439970 0.03793707 0.09864052 0.00000000
-0.00175176 0.93913910 -0.34353270 0.00000000
-0.10566980 0.34143600 0.93394610 0.00000000
0.01107651 0.39626550 0.01418353 1.00000000

0.99946650 -0.00636301 -0.03203718 0.00000000
0.00000000 0.98084140 -0.19480800 0.00000000
0.03266297 0.19470400 0.98031810 0.00000000
0.01374474 0.46638710 -0.01106988 1.00000000

0.99840220 -0.00975374 -0.05565908 0.00000000
0.00174481 0.98984180 -0.14216240 0.00000000
0.05648029 0.14183820 0.98827730 0.00000000
0.01418770 0.56914560 -0.03179469 1.00000000

0.99905010 -0.01285465 -0.04163563 0.00000000
0.00806382 0.99353330 -0.11325330 0.00000000
0.04282223 0.11280990 0.99269340 0.00000000
0.01406203 0.65353460 -0.04429987 1.00000000

0.99905010 -0.01285465 -0.04163563 0.00000000
0.00560641 0.98547450 -0.16973080 0.00000000
0.04321269 0.16933620 0.98461050 0.00000000
0.01588874 0.83993150 -0.05801626 1.00000000

0.99944940 -0.01483211 -0.02968016 0.00000000
0.01973367 0.98483670 0.17235750 0.00000000
0.02667371 -0.17284830 0.98458730 0.00000000
0.01672957 0.89251120 -0.04837076 1.00000000

0.99944940 -0.01483211 -0.02968016 0.00000000
0.01565722 0.99949190 0.02776388 0.00000000
0.02925331 -0.02821325 0.99917380 0.00000000
0.01722216 0.99272700 -0.08186419 1.00000000

0.99435940 -0.10113020 -0.03196792 0.00000000
0.10428530 0.98717590 0.12086410 0.00000000
0.01933496 -0.12351610 0.99215420 0.00000000
-0.01696571 0.98792540 -0.19432390 1.00000000

0.99944940 -0.01483211 -0.02968016 0.00000000
0.01565722 0.99949190 0.02776388 0.00000000
0.02925331 -0.02821325 0.99917380 0.00000000
0.01352996 0.99421740 -0.20693810 1.00000000

0.99734160 0.06756603 -0.02729180 0.00000000
0.06674021 -0.99731580 -0.03011485 0.00000000
-0.02925331 0.02821325 -0.99917380 0.00000000
0.04451320 0.98697270 -0.19637300 1.00000000

0.99944940 -0.01483211 -0.02968016 0.00000000
-0.01476891 -0.99988800 0.00234700 0.00000000
-0.02971167 -0.00190745 -0.99955670 0.00000000
0.06959669 0.96942130 -0.17986380 1.00000000

0.99944940 -0.01483211 -0.02968016 0.00000000
0.01476891 0.99988810 -0.00234709 0.00000000
0.02971167 0.00190751 0.99955670 0.00000000
0.01365214 0.99770210 -0.20456530 1.00000000

0.99944940 -0.01483211 -0.02968016 0.00000000
-0.01476891 -0.99988800 0.00234700 0.00000000
-0.02971167 -0.00190745 -0.99955670 0.00000000
0.07387192 1.05378500 -0.12017440 1.00000000

0.99944940 -0.01483211 -0.02968016 0.00000000
-0.01476891 -0.99988800 0.00234700 0.00000000
-0.02971167 -0.00190745 -0.99955670 0.00000000
0.01911827 1.07908200 -0.16898500 1.00000000

0.99944940 -0.01483211 -0.02968016 0.00000000
-0.01476891 -0.99988800 0.00234700 0.00000000
-0.02971167 -0.00190745 -0.99955670 0.00000000
0.04576107 0.98935620 -0.19698490 1.00000000

0.99944940 -0.01483211 -0.02968016 0.00000000
-0.01476891 -0.99988800 0.00234700 0.00000000
-0.02971167 -0.00190745 -0.99955670 0.00000000
0.10115840 1.09269400 -0.13518960 1.00000000

0.99944940 -0.01483211 -0.02968016 0.00000000
0.01476891 0.99988810 -0.00234709 0.00000000
0.02971167 0.00190751 0.99955670 0.00000000
0.01407856 1.03131000 -0.20700280 1.00000000

0.99944940 -0.01483211 -0.02968016 0.00000000
0.01476891 0.99988810 -0.00234709 0.00000000
0.02971167 0.00190751 0.99955670 0.00000000
-0.04154209 0.97107040 -0.17656340 1.00000000

0.99944940 -0.01483211 -0.02968016 0.00000000
0.01476891 0.99988810 -0.00234709 0.00000000
0.02971167 0.00190751 0.99955670 0.00000000
-0.03976548 1.05547100 -0.11679980 1.00000000

0.99944940 -0.01483211 -0.02968016 0.00000000
0.01476891 0.99988810 -0.00234709 0.00000000
0.02971167 0.00190751 0.99955670 0.00000000
-0.01818370 0.99030510 -0.19508590 1.00000000

0.99982990 -0.01416235 -0.01181994 0.00000000
-0.01370690 -0.99919280 0.03776191 0.00000000
-0.01234519 -0.03759346 -0.99921690 0.00000000
0.07387192 1.05378500 -0.12017440 1.00000000

0.99976620 -0.01420359 -0.01630712 0.00000000
0.01341891 0.99879240 -0.04725967 0.00000000
0.01695872 0.04702980 0.99874950 0.00000000
-0.03976548 1.05547100 -0.11679980 1.00000000

0.99944940 -0.01483211 -0.02968016 0.00000000
-0.01476891 -0.99988800 0.00234700 0.00000000
-0.02971167 -0.00190745 -0.99955670 0.00000000
0.04012025 1.02711000 -0.17972390 1.00000000

0.99944940 -0.01483211 -0.02968016 0.00000000
0.01476891 0.99988810 -0.00234709 0.00000000
0.02971167 0.00190751 0.99955670 0.00000000
-0.01041191 1.02786000 -0.17822330 1.00000000

0.99944940 -0.01483211 -0.02968016 0.00000000
-0.01476891 -0.99988800 0.00234700 0.00000000
-0.02971167 -0.00190745 -0.99955670 0.00000000
0.10156560 1.01261900 -0.16569350 1.00000000

0.99944940 -0.01483211 -0.02968016 0.00000000
0.01476891 0.99988810 -0.00234709 0.00000000
0.02971167 0.00190751 0.99955670 0.00000000
-0.07131919 1.01518500 -0.16055950 1.00000000

0.99944940 -0.01483211 -0.02968016 0.00000000
0.01476891 0.99988810 -0.00234709 0.00000000
0.02971167 0.00190751 0.99955670 0.00000000
0.01606587 1.07602400 -0.16241700 1.00000000

0.99944940 -0.01483211 -0.02968016 0.00000000
0.01476891 0.99988810 -0.00234709 0.00000000
0.02971167 0.00190751 0.99955670 0.00000000
-0.06671498 1.09509400 -0.12968200 1.00000000

0.99944940 -0.01483211 -0.02968016 0.00000000
0.01476891 0.99988810 -0.00234709 0.00000000
0.02971167 0.00190751 0.99955670 0.00000000
0.01272179 1.07917700 -0.16879500 1.00000000

0.99944940 -0.01483211 -0.02968016 0.00000000
0.01973367 0.98483670 0.17235750 0.00000000
0.02667371 -0.17284830 0.98458730 0.00000000
-0.04872867 1.05529900 -0.15700580 1.00000000

-0.02226965 0.97128550 -0.23687240 0.00000000
0.98963640 0.05503569 0.13263070 0.00000000
0.14185870 -0.23146390 -0.96244510 0.00000000
0.05016608 0.79383850 -0.05640195 1.00000000

0.16492900 0.65192470 -0.74013010 0.00000000
0.72263240 -0.59058900 -0.35917540 0.00000000
-0.67126820 -0.47560350 -0.56850720 0.00000000
0.34151500 0.81004100 -0.01735547 1.00000000

0.16493030 0.65192210 -0.74013210 0.00000000
-0.28278820 -0.68764750 -0.66870900 0.00000000
-0.94489630 0.31959090 0.07094185 0.00000000
0.53951640 0.64822000 -0.11577000 1.00000000

0.44985250 0.58083790 -0.67842480 0.00000000
-0.26375530 -0.63934330 -0.72226970 0.00000000
-0.85326770 0.50385290 -0.13441120 0.00000000
0.49285640 0.53475820 -0.22610700 1.00000000

-0.28244560 -0.52281490 0.80429430 0.00000000
-0.89781520 0.43937060 -0.02968372 0.00000000
-0.33786430 -0.73049160 -0.59348950 0.00000000
0.44524290 0.45481570 -0.25567400 1.00000000

-0.22098680 -0.86302200 -0.45426630 0.00000000
-0.45190930 -0.32214910 0.83186420 0.00000000
-0.86425860 0.38911810 -0.31881700 0.00000000
0.49066440 0.42876170 -0.29316020 1.00000000

-0.46420000 -0.37267870 0.80351050 0.00000000
0.19384420 0.84243560 0.50271950 0.00000000
-0.86425860 0.38911810 -0.31881700 0.00000000
0.47662430 0.41875350 -0.26731690 1.00000000

-0.25457420 -0.74813280 -0.61277190 0.00000000
-0.40622110 -0.49230530 0.76981810 0.00000000
-0.87759700 0.44489670 -0.17857910 0.00000000
0.46659630 0.44387920 -0.29660360 1.00000000

-0.37006410 -0.39188680 0.84230490 0.00000000
0.30475590 0.80529000 0.50855890 0.00000000
-0.87759700 0.44489670 -0.17857910 0.00000000
0.45052170 0.42439790 -0.26614110 1.00000000

-0.19844160 -0.65479350 -0.72929180 0.00000000
-0.33579570 -0.65363460 0.67823520 0.00000000
-0.92079440 0.37948290 -0.09016860 0.00000000
0.44228910 0.45823110 -0.29958470 1.00000000

-0.31365250 -0.58296940 0.74951270 0.00000000
0.23186180 0.71842850 0.65582060 0.00000000
-0.92079440 0.37948290 -0.09016860 0.00000000
0.42937890 0.43310060 -0.27350890 1.00000000

-0.22579030 -0.68368350 -0.69397090 0.00000000
-0.16573690 -0.67502270 0.71894070 0.00000000
-0.95997410 0.27734630 0.03910188 0.00000000
0.41137560 0.46815850 -0.29678800 1.00000000

-0.16289060 -0.66639040 0.72759220 0.00000000
0.22785220 0.69210020 0.68489460 0.00000000
-0.95997410 0.27734630 0.03910188 0.00000000
0.40504410 0.44237180 -0.26932260 1.00000000

-0.55082110 0.79990940 -0.23820370 0.00000000
-0.83462270 -0.52828110 0.15596240 0.00000000
-0.00108261 0.28471760 0.95861070 0.00000000
0.42011570 0.51540160 -0.24906730 1.00000000

-0.95256110 -0.29204330 0.08566409 0.00000000
0.30434600 -0.91304250 0.27152710 0.00000000
-0.00108261 0.28471760 0.95861070 0.00000000
0.39253820 0.49794570 -0.24391460 1.00000000

0.30809460 0.59510340 -0.74224630 0.00000000
-0.28278820 -0.68764750 -0.66870900 0.00000000
-0.90835500 0.41592410 -0.04357244 0.00000000
0.51265160 0.58289350 -0.17929730 1.00000000

0.44121720 0.35448690 -0.82441880 0.00000000
0.85519860 -0.44450030 0.26656180 0.00000000
-0.27196170 -0.82265340 -0.49927780 0.00000000
0.34142790 0.81222550 -0.01937981 1.00000000

-0.07107516 -0.96606580 0.24832460 0.00000000
0.97121980 -0.12376470 -0.20350510 0.00000000
0.22733310 0.22671360 0.94705900 0.00000000
-0.01930804 0.79473220 -0.05350652 1.00000000

0.00631004 -0.64281710 0.76599380 0.00000000
0.85433390 0.40155790 0.32994710 0.00000000
-0.51968650 0.65233230 0.55171430 0.00000000
-0.30523480 0.83116880 0.00640520 1.00000000

0.00632262 -0.64280780 0.76600150 0.00000000
-0.53983640 0.64261040 0.54371740 0.00000000
-0.84174620 -0.41695320 -0.34294810 0.00000000
-0.53932190 0.72114250 -0.08400099 1.00000000

0.44382580 -0.66321890 0.60262700 0.00000000
-0.75322030 0.08822009 0.65182570 0.00000000
-0.48546680 -0.74320780 -0.46039540 0.00000000
-0.45024910 0.61511110 -0.17371420 1.00000000

-0.24030130 0.72937530 -0.64052100 0.00000000
-0.52129230 -0.65359680 -0.54869430 0.00000000
-0.81884660 0.20204670 0.53727810 0.00000000
-0.36289660 0.57912500 -0.19834450 1.00000000

-0.74654160 0.41441140 0.52051780 0.00000000
-0.27022340 0.52605210 -0.80637990 0.00000000
-0.60799260 -0.74265210 -0.28073620 0.00000000
-0.37536270 0.56189070 -0.25912870 1.00000000

-0.31394790 0.54966430 -0.77414850 0.00000000
0.72923370 -0.38254000 -0.56734610 0.00000000
-0.60799260 -0.74265210 -0.28073620 0.00000000
-0.36696810 0.54554720 -0.23407660 1.00000000

-0.76583920 0.23310090 0.59929480 0.00000000
-0.33640560 0.64903280 -0.68234000 0.00000000
-0.54801610 -0.72416880 -0.41863820 0.00000000
-0.36222320 0.58342230 -0.24558880 1.00000000

-0.23500500 0.61361960 -0.75381970 0.00000000
0.80277730 -0.31472320 -0.50645680 0.00000000
-0.54801600 -0.72416890 -0.41863820 0.00000000
-0.34891120 0.55773970 -0.21858790 1.00000000

-0.70995740 0.11782830 0.69431790 0.00000000
-0.38722320 0.75818280 -0.52461170 0.00000000
-0.58823380 -0.64130770 -0.49265160 0.00000000
-0.34865450 0.60418050 -0.23177960 1.00000000

-0.31230270 0.74208340 -0.59311040 0.00000000
0.74595460 -0.19503110 -0.63680050 0.00000000
-0.58823380 -0.64130770 -0.49265160 0.00000000
-0.33376750 0.57503180 -0.21161020 1.00000000

-0.73558800 0.15002810 0.66060730 0.00000000
-0.24707840 0.84857430 -0.46783920 0.00000000
-0.63076350 -0.50735870 -0.58713260 0.00000000
-0.32931000 0.62058520 -0.21131700 1.00000000

-0.23782850 0.84662490 -0.47609190 0.00000000
0.73863050 -0.16066450 -0.65468450 0.00000000
-0.63076350 -0.50735870 -0.58713260 0.00000000
-0.31987040 0.58816710 -0.19344490 1.00000000

-0.12522390 -0.94074780 -0.31513910 0.00000000
-0.89148150 0.24609320 -0.38039340 0.00000000
0.43540780 0.23330620 -0.86947590 0.00000000
-0.37449120 0.63320990 -0.16248370 1.00000000

-0.89209790 -0.01773214 -0.45149430 0.00000000
-0.12075400 0.97224150 0.20041130 0.00000000
0.43540790 0.23330620 -0.86947590 0.00000000
-0.34503520 0.62507930 -0.14991500 1.00000000

0.07558497 -0.60630750 0.79163020 0.00000000
-0.53983640 0.64261040 0.54371740 0.00000000
-0.83836960 -0.46844760 -0.27873520 0.00000000
-0.48803740 0.66009400 -0.13565450 1.00000000

0.66226880 -0.24504500 0.70806280 0.00000000
0.63293340 0.68871430 -0.35364960 0.00000000
-0.40099280 0.68236770 0.61121110 0.00000000
-0.30438600 0.83721680 0.00227418 1.00000000

0.91807700 -0.38956080 -0.07332815 0.00000000
-0.33303350 -0.65767220 -0.67568930 0.00000000
0.21499620 0.64475550 -0.73353060 0.00000000
0.15962040 0.35393230 0.03740045 1.00000000

0.91807700 -0.38956080 -0.07332815 0.00000000
-0.27544910 -0.75996510 0.58871130 0.00000000
-0.28506560 -0.52028420 -0.80501060 0.00000000
0.08635302 0.20924440 -0.11125120 1.00000000

0.93355670 0.00093795 0.35842860 0.00000000
0.00100490 -0.99999950 -0.00000047 0.00000000
0.35842850 0.00036067 -0.93355720 0.00000000
0.03501607 0.06893262 -0.00857979 1.00000000

0.93355670 0.00093795 0.35842860 0.00000000
0.00100490 -0.99999950 -0.00000047 0.00000000
0.35842850 0.00036067 -0.93355720 0.00000000
0.06396833 0.02346179 -0.07689442 1.00000000

0.96266660 0.00005173 -0.27069010 0.00000000
0.20192360 0.66585520 0.71823660 0.00000000
0.18027760 -0.74608100 0.64098610 0.00000000
-0.13550960 0.34267320 0.00812470 1.00000000

0.96266630 0.00005095 -0.27069090 0.00000000
-0.26658650 0.17366050 -0.94803670 0.00000000
0.04696004 0.98480550 0.16719080 0.00000000
-0.17993280 0.19618510 -0.14988730 1.00000000

0.92935600 0.30066970 -0.21423180 0.00000000
-0.27704190 0.18442680 -0.94299230 0.00000000
-0.24401910 0.93572680 0.25469630 0.00000000
-0.13185700 0.15980570 0.02107946 1.00000000

0.92935600 0.30066970 -0.21423180 0.00000000
-0.27704190 0.18442680 -0.94299230 0.00000000
-0.24401910 0.93572680 0.25469630 0.00000000
-0.10348440 0.08129090 0.04563890 1.00000000

1.00000000 0.00000000 0.00000000 0.00000000
0.00000000 1.00000000 0.00000000 0.00000000
0.00000000 0.00000000 1.00000000 0.00000000
0.00000000 0.00000000 0.00000000 1.00000000

1.00000000 0.00000000 0.00000000 0.00000000
0.00000000 1.00000000 0.00000000 0.00000000
0.00000000 0.00000000 1.00000000 0.00000000
0.00000000 0.00000000 0.00000000 1.00000000

1.00000000 0.00000000 0.00000000 0.00000000
0.00000000 1.00000000 0.00000000 0.00000000
0.00000000 0.00000000 1.00000000 0.00000000
0.00000000 0.00000000 0.00000000 1.00000000

0.97045570 -0.06569206 0.23216430 0.00000000
0.14264290 0.93226670 -0.33246330 0.00000000
-0.19459880 0.35575750 0.91409400 0.00000000
0.02103546 0.36336160 -0.15474820 1.00000000

0.99814800 -0.01185063 -0.05966674 0.00000000
0.00000003 0.98084140 -0.19480790 0.00000000
0.06083220 0.19444710 0.97902490 0.00000000
0.02646175 0.43317850 -0.17960610 1.00000000

0.99475280 -0.01826698 -0.10066360 0.00000000
0.00254348 0.98804240 -0.15416110 0.00000000
0.10227600 0.15309620 0.98290450 0.00000000
0.02727469 0.53619230 -0.20049180 1.00000000

0.97566610 -0.04548967 -0.21449100 0.00000000
0.01970105 0.99247270 -0.12087030 0.00000000
0.21837480 0.11370340 0.96921830 0.00000000
0.02991831 0.60409550 -0.20972060 1.00000000

0.97566610 -0.04548967 -0.21449100 0.00000000
0.00720423 0.98436450 -0.17599560 0.00000000
0.21914330 0.17016760 0.96073880 0.00000000
0.03523318 0.79030100 -0.22503540 1.00000000

0.99781330 -0.05792372 -0.03183804 0.00000000
0.06171938 0.98889700 0.13517850 0.00000000
0.02365451 -0.13684790 0.99030950 0.00000000
0.03610562 0.84352280 -0.21563360 1.00000000

0.99781330 -0.05792372 -0.03183804 0.00000000
0.05772269 0.99830660 -0.00719846 0.00000000
0.03220110 0.00534498 0.99946730 0.00000000
0.04065190 0.94230570 -0.25287000 1.00000000

0.98780480 -0.15257870 -0.03100941 0.00000000
0.15471870 0.98422870 0.08576643 0.00000000
0.01743421 -0.08951811 0.99583270 0.00000000
0.00630945 0.93504070 -0.36543580 1.00000000

0.99781330 -0.05792372 -0.03183804 0.00000000
0.05772269 0.99830660 -0.00719846 0.00000000
0.03220110 0.00534498 0.99946730 0.00000000
0.03652108 0.93983420 -0.37783240 1.00000000

0.99893690 0.03283133 -0.03235960 0.00000000
0.03298680 -0.99944660 0.00428208 0.00000000
-0.03220110 -0.00534498 -0.99946730 0.00000000
0.06649636 0.93149280 -0.36779340 1.00000000

0.99781330 -0.05792372 -0.03183804 0.00000000
-0.05663620 -0.99759500 0.03995395 0.00000000
-0.03407575 -0.03806346 -0.99869420 0.00000000
0.09048969 0.91353700 -0.35087840 1.00000000

0.99781330 -0.05792372 -0.03183804 0.00000000
0.05663621 0.99759500 -0.03995405 0.00000000
0.03407574 0.03806355 0.99869420 0.00000000
0.03678475 0.94315810 -0.37561620 1.00000000

0.99781330 -0.05792372 -0.03183804 0.00000000
-0.05663620 -0.99759500 0.03995395 0.00000000
-0.03407575 -0.03806346 -0.99869420 0.00000000
0.09964423 0.99945220 -0.29360210 1.00000000

0.99781330 -0.05792372 -0.03183804 0.00000000
-0.05663620 -0.99759500 0.03995395 0.00000000
-0.03407575 -0.03806346 -0.99869420 0.00000000
0.04571820 1.02405800 -0.34333260 1.00000000

0.99781330 -0.05792372 -0.03183804 0.00000000
-0.05663620 -0.99759500 0.03995395 0.00000000
-0.03407575 -0.03806346 -0.99869420 0.00000000
0.06805228 0.93383780 -0.36829870 1.00000000

0.99781330 -0.05792372 -0.03183804 0.00000000
-0.05663620 -0.99759500 0.03995395 0.00000000
-0.03407575 -0.03806346 -0.99869420 0.00000000
0.12840320 1.03549200 -0.31029400 1.00000000

0.99781330 -0.05792372 -0.03183804 0.00000000
0.05663621 0.99759500 -0.03995405 0.00000000
0.03407574 0.03806355 0.99869420 0.00000000
0.03858790 0.97627650 -0.37936090 1.00000000

0.99781330 -0.05792372 -0.03183804 0.00000000
0.05663621 0.99759500 -0.03995405 0.00000000
0.03407574 0.03806355 0.99869420 0.00000000
-0.01859582 0.91983630 -0.34715740 1.00000000

0.99781330 -0.05792372 -0.03183804 0.00000000
0.05663621 0.99759500 -0.03995405 0.00000000
0.03407574 0.03806355 0.99869420 0.00000000
-0.01380715 1.00603800 -0.28998210 1.00000000

0.99781330 -0.05792372 -0.03183804 0.00000000
0.05663621 0.99759500 -0.03995405 0.00000000
0.03407574 0.03806355 0.99869420 0.00000000
0.00514223 0.93756470 -0.36623710 1.00000000

0.99835710 -0.05611059 -0.01161532 0.00000000
-0.05483232 -0.99437420 0.09062882 0.00000000
-0.01663519 -0.08984300 -0.99581700 0.00000000
0.09964423 0.99945220 -0.29360210 1.00000000

0.99830320 -0.05596833 -0.01607108 0.00000000
0.05354111 0.99076930 -0.12453720 0.00000000
0.02289292 0.12346540 0.99208480 0.00000000
-0.01380715 1.00603800 -0.28998210 1.00000000

0.99781330 -0.05792372 -0.03183804 0.00000000
-0.05663620 -0.99759500 0.03995395 0.00000000
-0.03407575 -0.03806346 -0.99869420 0.00000000
0.06449500 0.97344110 -0.35181510 1.00000000

0.99781330 -0.05792372 -0.03183804 0.00000000
0.05663621 0.99759500 -0.03995405 0.00000000
0.03407574 0.03806355 0.99869420 0.00000000
0.01432954 0.97635330 -0.35021450 1.00000000

0.99781330 -0.05792372 -0.03183804 0.00000000
-0.05663620 -0.99759500 0.03995395 0.00000000
-0.03407575 -0.03806346 -0.99869420 0.00000000
0.12539240 0.95548450 -0.33761810 1.00000000

0.99781330 -0.05792372 -0.03183804 0.00000000
0.05663621 0.99759500 -0.03995405 0.00000000
0.03407574 0.03806355 0.99869420 0.00000000
-0.04720937 0.96550410 -0.33211080 1.00000000

0.99781330 -0.05792372 -0.03183804 0.00000000
0.05663621 0.99759500 -0.03995405 0.00000000
0.03407574 0.03806355 0.99869420 0.00000000
0.04263898 1.02250400 -0.33649210 1.00000000

0.99781330 -0.05792372 -0.03183804 0.00000000
0.05663621 0.99759500 -0.03995405 0.00000000
0.03407574 0.03806355 0.99869420 0.00000000
-0.03919691 1.04515000 -0.30442090 1.00000000

0.99781330 -0.05792372 -0.03183804 0.00000000
0.05663621 0.99759500 -0.03995405 0.00000000
0.03407574 0.03806355 0.99869420 0.00000000
0.03933220 1.02442800 -0.34312880 1.00000000

0.99781330 -0.05792372 -0.03183804 0.00000000
0.06171938 0.98889700 0.13517850 0.00000000
0.02365451 -0.13684790 0.99030950 0.00000000
-0.02294300 1.00473900 -0.33012870 1.00000000

-0.03157216 0.97095020 -0.23718930 0.00000000
0.99888500 0.02231781 -0.04160115 0.00000000
-0.03509916 -0.23823830 -0.97057250 0.00000000
0.06779180 0.74311980 -0.22903320 1.00000000

0.23318590 0.89890470 -0.37093710 0.00000000
0.50755930 -0.43787910 -0.74205530 0.00000000
-0.82946250 -0.01523569 -0.55835490 0.00000000
0.36186360 0.74969020 -0.24128060 1.00000000

0.23318650 0.89890280 -0.37094150 0.00000000
-0.70108440 -0.10893520 -0.70470860 0.00000000
-0.67387310 0.42438990 0.60480470 0.00000000
0.50093490 0.62971190 -0.44460390 1.00000000

0.39515050 0.74003820 -0.54424210 0.00000000
-0.68262540 -0.15990630 -0.71305890 0.00000000
-0.61471840 0.65327890 0.44198190 0.00000000
0.38525600 0.61173750 -0.56088080 1.00000000

-0.18805870 -0.78030060 0.59646050 0.00000000
-0.64478140 0.55618770 0.52432130 0.00000000
-0.74087190 -0.28598330 -0.60771950 0.00000000
0.30567370 0.56559590 -0.59358660 1.00000000

-0.64213540 -0.48747780 -0.59163150 0.00000000
-0.25761900 -0.58965910 0.76546360 0.00000000
-0.72200750 0.64394680 0.25305750 0.00000000
0.32493910 0.55265780 -0.65365830 1.00000000

-0.29518430 -0.61748560 0.72909390 0.00000000
0.62575680 0.45171240 0.63591240 0.00000000
-0.72200750 0.64394680 0.25305750 0.00000000
0.31693500 0.53433900 -0.62987740 1.00000000

-0.67959820 -0.30721630 -0.66615690 0.00000000
-0.29700490 -0.71510110 0.63278630 0.00000000
-0.67077180 0.62789220 0.39473680 0.00000000
0.30802930 0.57169940 -0.64057610 1.00000000

-0.20703570 -0.66959600 0.71328680 0.00000000
0.71218110 0.39672780 0.57914230 0.00000000
-0.67077180 0.62789220 0.39473680 0.00000000
0.29627650 0.54340200 -0.61553620 1.00000000

-0.63266100 -0.18179060 -0.75278990 0.00000000
-0.32050540 -0.82344030 0.46821190 0.00000000
-0.70499380 0.53749260 0.46269360 0.00000000
0.29077800 0.58990610 -0.62728650 1.00000000

-0.25387170 -0.80043080 0.54301060 0.00000000
0.66221820 0.26535420 0.70075300 0.00000000
-0.70499380 0.53749260 0.46269360 0.00000000
0.27845540 0.55824710 -0.60928530 1.00000000

-0.65621850 -0.21844040 -0.72226110 0.00000000
-0.16555710 -0.89217810 0.42024890 0.00000000
-0.73618480 0.39535060 0.54929960 0.00000000
0.26789870 0.60276590 -0.60796830 1.00000000

-0.15730950 -0.88936670 0.42927900 0.00000000
0.65824440 0.22961860 0.71693100 0.00000000
-0.73618480 0.39535060 0.54929960 0.00000000
0.26157450 0.56868300 -0.59191350 1.00000000

-0.27432520 0.90234190 0.33245330 0.00000000
-0.87662240 -0.37677450 0.29928980 0.00000000
0.39532170 -0.20933290 0.89437190 0.00000000
0.30711760 0.61922220 -0.55527450 1.00000000

-0.91815170 -0.11846640 0.37810480 0.00000000
0.02680331 -0.97064190 -0.23903190 0.00000000
0.39532170 -0.20933290 0.89437190 0.00000000
0.27815200 0.60677270 -0.54538610 1.00000000

0.33118320 0.82546560 -0.45708220 0.00000000
-0.70108440 -0.10893520 -0.70470860 0.00000000
-0.63150490 0.55384100 0.54264370 0.00000000
0.43433200 0.61936300 -0.51155120 1.00000000

0.30253160 0.33771900 -0.89130280 0.00000000
0.87363170 -0.47215540 0.11763150 0.00000000
-0.38110690 -0.81425760 -0.43788410 0.00000000
0.36030100 0.76041940 -0.24729180 1.00000000

-0.08136965 -0.95823170 0.27417350 0.00000000
0.91479000 -0.18100210 -0.36110640 0.00000000
0.39564960 0.22142800 0.89130870 0.00000000
-0.00005619 0.74628300 -0.21411730 1.00000000

0.30410710 -0.36549860 0.87973270 0.00000000
0.86896500 0.48488410 -0.09893221 0.00000000
-0.39040880 0.79454280 0.46506220 0.00000000
-0.26936990 0.79957030 -0.10780790 1.00000000

0.30411710 -0.36549020 0.87973280 0.00000000
-0.16356040 0.88972760 0.42618410 0.00000000
-0.93848880 -0.27349940 0.21080160 0.00000000
-0.50746630 0.66671230 -0.08070131 1.00000000

0.56271840 -0.49468610 0.66229430 0.00000000
-0.42728740 0.51179110 0.74531570 0.00000000
-0.70765360 -0.70239290 0.07662109 0.00000000
-0.48047900 0.51990660 -0.15102130 1.00000000

-0.38349830 0.48657240 -0.78496930 0.00000000
-0.76424840 -0.64439550 -0.02606091 0.00000000
-0.51851090 0.58991720 0.61898650 0.00000000
-0.41419630 0.45578470 -0.18306970 1.00000000

-0.43438910 0.75493140 0.49130900 0.00000000
-0.49835660 0.25292540 -0.82925840 0.00000000
-0.75029780 -0.60506800 0.26635690 0.00000000
-0.45107360 0.42183400 -0.22349940 1.00000000

-0.52320020 0.29717700 -0.79871640 0.00000000
0.40412260 -0.73863320 -0.53954290 0.00000000
-0.75029780 -0.60506810 0.26635690 0.00000000
-0.43559150 0.41397600 -0.19773620 1.00000000

-0.44246700 0.62597780 0.64216450 0.00000000
-0.49684710 0.42501440 -0.75664110 0.00000000
-0.74656960 -0.65384610 0.12296030 0.00000000
-0.43134060 0.44249980 -0.22526610 1.00000000

-0.43574500 0.34088330 -0.83302170 0.00000000
0.50275300 -0.67548790 -0.53940310 0.00000000
-0.74656950 -0.65384630 0.12296040 0.00000000
-0.41167980 0.42568170 -0.19532530 1.00000000

-0.36787160 0.54212330 0.75549550 0.00000000
-0.46985100 0.59275410 -0.65412770 0.00000000
-0.80244050 -0.59560500 0.03665964 0.00000000
-0.41119990 0.46245640 -0.22660170 1.00000000

-0.42960820 0.53397570 -0.72822210 0.00000000
0.41415720 -0.60010420 -0.68436040 0.00000000
-0.80244050 -0.59560500 0.03665964 0.00000000
-0.39313610 0.43966780 -0.20145310 1.00000000

-0.40064850 0.56562070 0.72080090 0.00000000
-0.30926540 0.65704570 -0.68749260 0.00000000
-0.86245920 -0.49836180 -0.08831739 0.00000000
-0.38370340 0.47937820 -0.22217000 1.00000000

-0.30421360 0.64989620 -0.69648330 0.00000000
0.40449770 -0.57382110 -0.71211730 0.00000000
-0.86245920 -0.49836180 -0.08831739 0.00000000
-0.37188840 0.45427680 -0.19590640 1.00000000

-0.34458110 -0.92223950 0.17532350 0.00000000
-0.93449650 0.31920910 -0.15755050 0.00000000
0.08933445 -0.21812810 -0.97182270 0.00000000
-0.40472900 0.52013560 -0.17234860 1.00000000

-0.99288190 0.05766430 -0.10421330 0.00000000
0.07877138 0.97421530 -0.21142410 0.00000000
0.08933445 -0.21812810 -0.97182270 0.00000000
-0.37385170 0.50958900 -0.16714320 1.00000000

0.36574900 -0.34652720 0.86379780 0.00000000
-0.16356040 0.88972760 0.42618410 0.00000000
-0.91622920 -0.29715950 0.26873880 0.00000000
-0.49192830 0.58218750 -0.12118890 1.00000000

0.75748920 -0.27653210 0.59138830 0.00000000
0.60133610 0.64822050 -0.46712430 0.00000000
-0.25417530 0.70946480 0.65730870 0.00000000
-0.26945040 0.80072740 -0.10912820 1.00000000

0.86752680 -0.49121650 -0.07812487 0.00000000
-0.48968860 -0.81595870 -0.30727310 0.00000000
0.08719103 0.30482440 -0.94840930 0.00000000
0.15984920 0.30585880 -0.11208010 1.00000000

0.86752680 -0.49121650 -0.07812487 0.00000000
-0.08087170 -0.29428130 0.95229110 0.00000000
-0.49077180 -0.81982010 -0.29502250 0.00000000
0.05211774 0.12634790 -0.17968010 1.00000000

0.93355660 0.00093791 0.35842870 0.00000000
0.00100489 -0.99999970 -0.00000100 0.00000000
0.35842870 0.00036108 -0.93355730 0.00000000
0.03501602 0.06893256 -0.00857985 1.00000000

0.93355660 0.00093791 0.35842870 0.00000000
0.00100489 -0.99999970 -0.00000100 0.00000000
0.35842870 0.00036108 -0.93355730 0.00000000
0.06396828 0.02346170 -0.07689452 1.00000000

0.95056810 0.09548918 -0.29546930 0.00000000
0.29022730 0.06509449 0.95474120 0.00000000
0.11040090 -0.99329980 0.03416325 0.00000000
-0.12817430 0.32535600 -0.18098460 1.00000000

0.95056780 0.09548911 -0.29547030 0.00000000
-0.22360660 0.87073640 -0.43797080 0.00000000
0.21545520 0.48239000 0.84904590 0.00000000
-0.19202430 0.31103520 -0.39102770 1.00000000

0.91696350 0.23395000 -0.32318030 0.00000000
-0.34801090 0.86513840 -0.36114270 0.00000000
0.19510630 0.44362490 0.87471740 0.00000000
-0.15257710 0.15083850 -0.31589240 1.00000000

0.91696350 0.23395000 -0.32318030 0.00000000
-0.34801090 0.86513840 -0.36114270 0.00000000
0.19510630 0.44362480 0.87471740 0.00000000
-0.15349970 0.07800087 -0.36350100 1.00000000

1.00000000 0.00000000 0.00000000 0.00000000
0.00000000 1.00000000 0.00000000 0.00000000
0.00000000 0.00000000 1.00000000 0.00000000
0.00000000 0.00000000 0.00000000 1.00000000

1.00000000 0.00000000 0.00000000 0.00000000
0.00000000 1.00000000 0.00000000 0.00000000
0.00000000 0.00000000 1.00000000 0.00000000
0.00000000 0.00000000 0.00000000 1.00000000

1.00000000 0.00000000 0.00000000 0.00000000
0.00000000 1.00000000 0.00000000 0.00000000
0.00000000 0.00000000 1.00000000 0.00000000
0.00000000 0.00000000 0.00000000 1.00000000

0.96097400 -0.11985690 0.24932560 0.00000000
0.19678240 0.92962630 -0.31156330 0.00000000
-0.19443670 0.34846710 0.91693240 0.00000000
0.02313937 0.43568440 -0.33734570 1.00000000

0.99807930 -0.01198025 -0.06078090 0.00000000
-0.00006832 0.98090960 -0.19446400 0.00000000
0.06195033 0.19409460 0.97902470 0.00000000
0.02922814 0.50565530 -0.36180060 1.00000000

0.99406030 -0.01928748 -0.10710870 0.00000000
0.00235611 0.98775390 -0.15600170 0.00000000
0.10880590 0.15482270 0.98193240 0.00000000
0.03008857 0.60866840 -0.38265400 1.00000000

0.93514410 -0.07307591 -0.34664900 0.00000000
0.01740611 0.98679020 -0.16106600 0.00000000
0.35383980 0.14458610 0.92406290 0.00000000
0.03529749 0.67137260 -0.39130300 1.00000000

0.93514410 -0.07307591 -0.34664900 0.00000000
-0.00281918 0.97692850 -0.21354830 0.00000000
0.35425650 0.20067560 0.91336290 0.00000000
0.04119832 0.85674810 -0.41446290 1.00000000

0.99405910 -0.10879090 -0.00331855 0.00000000
0.10781000 0.98836800 -0.10726460 0.00000000
0.01494934 0.10626960 0.99422510 0.00000000
0.04133103 0.91430950 -0.40711700 1.00000000

0.99405910 -0.10879090 -0.00331855 0.00000000
0.10465080 0.96371980 -0.24554430 0.00000000
0.02991113 0.24373830 0.96937960 0.00000000
0.05059841 1.00081800 -0.46708120 1.00000000

0.97777320 -0.20848170 0.02225001 0.00000000
0.20943370 0.96618660 -0.15040300 0.00000000
0.00985864 0.15171990 0.98837440 0.00000000
0.01710189 0.96806610 -0.57582620 1.00000000

0.99405910 -0.10879090 -0.00331855 0.00000000
0.10465080 0.96371980 -0.24554430 0.00000000
0.02991113 0.24373830 0.96937960 0.00000000
0.04672456 0.96910410 -0.58781270 1.00000000

0.99953750 -0.01261955 -0.02766863 0.00000000
-0.00548923 -0.96975900 0.24400310 0.00000000
-0.02991112 -0.24373830 -0.96937990 0.00000000
0.07475637 0.96146140 -0.57696810 1.00000000

0.99405910 -0.10879090 -0.00331855 0.00000000
-0.10353880 -0.95459040 0.27935100 0.00000000
-0.03355868 -0.27734780 -0.96018320 0.00000000
0.09704944 0.94737590 -0.55636260 1.00000000

0.99405910 -0.10879090 -0.00331855 0.00000000
0.10353880 0.95459040 -0.27935100 0.00000000
0.03355871 0.27734780 0.96018330 0.00000000
0.04709128 0.97241400 -0.58646450 1.00000000

0.99405910 -0.10879090 -0.00331855 0.00000000
-0.10353880 -0.95459040 0.27935100 0.00000000
-0.03355868 -0.27734780 -0.96018320 0.00000000
0.11230310 1.04367500 -0.51962390 1.00000000

0.99405910 -0.10879090 -0.00331855 0.00000000
-0.10353880 -0.95459040 0.27935100 0.00000000
-0.03355868 -0.27734780 -0.96018320 0.00000000
0.05956903 1.05664500 -0.57442180 1.00000000

0.99405910 -0.10879090 -0.00331855 0.00000000
-0.10353880 -0.95459040 0.27935100 0.00000000
-0.03355868 -0.27734780 -0.96018320 0.00000000
0.07701933 0.96395840 -0.57759590 1.00000000

0.99405910 -0.10879090 -0.00331855 0.00000000
-0.10353880 -0.95459040 0.27935100 0.00000000
-0.03355868 -0.27734780 -0.96018320 0.00000000
0.14262800 1.07203800 -0.54401460 1.00000000

0.99405910 -0.10879090 -0.00331855 0.00000000
0.10353880 0.95459040 -0.27935100 0.00000000
0.03355871 0.27734780 0.96018330 0.00000000
0.05042011 1.00318400 -0.59804910 1.00000000

0.99405910 -0.10879090 -0.00331855 0.00000000
0.10353880 0.95459040 -0.27935100 0.00000000
0.03355871 0.27734780 0.96018330 0.00000000
-0.00801071 0.95892120 -0.55509940 1.00000000

0.99405910 -0.10879090 -0.00331855 0.00000000
0.10353880 0.95459040 -0.27935100 0.00000000
0.03355871 0.27734780 0.96018330 0.00000000
-0.00072146 1.05604400 -0.51924660 1.00000000

0.99405910 -0.10879090 -0.00331855 0.00000000
0.10353880 0.95459040 -0.27935100 0.00000000
0.03355871 0.27734780 0.96018330 0.00000000
0.01572569 0.97069900 -0.57699570 1.00000000

0.99425770 -0.10259400 0.03043148 0.00000000
-0.10641670 -0.97786110 0.18017540 0.00000000
0.01127283 -0.18237920 -0.98316380 0.00000000
0.11230310 1.04367500 -0.51962390 1.00000000

0.99455700 -0.10129280 0.02441683 0.00000000
0.10414980 0.95962220 -0.26130090 0.00000000
0.00303704 0.26242150 0.96494870 0.00000000
-0.00072146 1.05604400 -0.51924660 1.00000000

0.99405910 -0.10879090 -0.00331855 0.00000000
-0.10353880 -0.95459040 0.27935100 0.00000000
-0.03355868 -0.27734780 -0.96018320 0.00000000
0.07611905 1.00764800 -0.57046820 1.00000000

0.99405910 -0.10879090 -0.00331855 0.00000000
0.10353880 0.95459040 -0.27935100 0.00000000
0.03355871 0.27734780 0.96018330 0.00000000
0.02647763 1.01308100 -0.57030240 1.00000000

0.99405910 -0.10879090 -0.00331855 0.00000000
-0.10353880 -0.95459040 0.27935100 0.00000000
-0.03355868 -0.27734780 -0.96018320 0.00000000
0.13605670 0.98923810 -0.55134070 1.00000000

0.99405910 -0.10879090 -0.00331855 0.00000000
0.10353880 0.95459040 -0.27935100 0.00000000
0.03355871 0.27734780 0.96018330 0.00000000
-0.03589562 1.00805700 -0.55076660 1.00000000

0.99405910 -0.10879090 -0.00331855 0.00000000
0.10353880 0.95459040 -0.27935100 0.00000000
0.03355871 0.27734780 0.96018330 0.00000000
0.05654152 1.05819000 -0.56758730 1.00000000

0.99405910 -0.10879090 -0.00331855 0.00000000
0.10353880 0.95459040 -0.27935100 0.00000000
0.03355871 0.27734780 0.96018330 0.00000000
-0.02434617 1.09036900 -0.54293020 1.00000000

0.99405910 -0.10879090 -0.00331855 0.00000000
0.10353880 0.95459040 -0.27935100 0.00000000
0.03355871 0.27734780 0.96018330 0.00000000
0.05320705 1.05734200 -0.57440050 1.00000000

0.99405910 -0.10879090 -0.00331855 0.00000000
0.10781000 0.98836800 -0.10726460 0.00000000
0.01494934 0.10626960 0.99422510 0.00000000
-0.00981708 1.04546800 -0.55800630 1.00000000

-0.04977144 0.96207670 -0.26820010 0.00000000
0.98340720 0.00030238 -0.18141150 0.00000000
-0.17445070 -0.27277900 -0.94612820 0.00000000
0.07216441 0.80880170 -0.42112260 1.00000000

0.38194090 0.90424850 -0.19093400 0.00000000
0.44091040 -0.35985480 -0.82225470 0.00000000
-0.81223090 0.22986790 -0.53613590 0.00000000
0.36167960 0.80889070 -0.47453020 1.00000000

0.38194130 0.90424700 -0.19094020 0.00000000
-0.85204840 0.26450900 -0.45171740 0.00000000
-0.35795860 0.33522000 0.87148930 0.00000000
0.48248920 0.71029110 -0.69982800 1.00000000

0.35270720 0.74052140 -0.57203660 0.00000000
-0.93218140 0.22484910 -0.28369100 0.00000000
-0.08145739 0.63330170 0.76960630 0.00000000
0.34190110 0.75393500 -0.77436150 1.00000000

-0.17325800 -0.84440550 0.50691390 0.00000000
-0.10497010 0.52759840 0.84298350 0.00000000
-0.97926670 0.09284285 -0.18004820 0.00000000
0.24543390 0.74039760 -0.76781610 1.00000000

-0.96261230 -0.12295820 -0.24136880 0.00000000
-0.08885585 -0.69841400 0.71015660 0.00000000
-0.25589500 0.70505260 0.66137650 0.00000000
0.23048980 0.74062710 -0.83045630 1.00000000

-0.14569070 -0.70446860 0.69462100 0.00000000
0.95566310 0.08139352 0.28298970 0.00000000
-0.25589500 0.70505260 0.66137650 0.00000000
0.22772900 0.71892970 -0.80839320 1.00000000

-0.96176730 0.07442061 -0.26356230 0.00000000
-0.22409100 -0.76708590 0.60113440 0.00000000
-0.15743830 0.63721340 0.75443520 0.00000000
0.22903490 0.75877770 -0.80836310 1.00000000

-0.09839956 -0.77028330 0.63006480 0.00000000
0.98261450 0.02496015 0.18397360 0.00000000
-0.15743830 0.63721340 0.75443520 0.00000000
0.22016730 0.72842320 -0.78457570 1.00000000

-0.91608410 0.20335080 -0.34559900 0.00000000
-0.35403560 -0.81485750 0.45898430 0.00000000
-0.18827900 0.54282240 0.81847110 0.00000000
0.22709060 0.77618210 -0.78602450 1.00000000

-0.25813210 -0.83142660 0.49203480 0.00000000
0.94758610 -0.11863390 0.29666020 0.00000000
-0.18827900 0.54282240 0.81847110 0.00000000
0.21347880 0.74485330 -0.76837810 1.00000000

-0.93528310 0.16666130 -0.31220080 0.00000000
-0.27156020 -0.90366230 0.33113370 0.00000000
-0.22693690 0.39448510 0.89043890 0.00000000
0.22122380 0.78833560 -0.75636140 1.00000000

-0.25980250 -0.90568250 0.33502520 0.00000000
0.93861730 -0.15530870 0.30802110 0.00000000
-0.22693690 0.39448510 0.89043890 0.00000000
0.21085010 0.75381370 -0.74371120 1.00000000

0.24067740 0.80976820 0.53511690 0.00000000
-0.72763960 -0.21433670 0.65161360 0.00000000
0.64235100 -0.54620110 0.53763330 0.00000000
0.28249580 0.77882310 -0.72914360 1.00000000

-0.63533120 0.01284993 0.77213280 0.00000000
-0.42864840 -0.83755560 -0.33876450 0.00000000
0.64235100 -0.54620110 0.53763330 0.00000000
0.25845260 0.77174120 -0.70761360 1.00000000

0.44955780 0.81183080 -0.37259690 0.00000000
-0.85204840 0.26450900 -0.45171740 0.00000000
-0.26816280 0.52054380 0.81063120 0.00000000
0.40154460 0.73541940 -0.74274130 1.00000000

0.17966460 0.29864840 -0.93729910 0.00000000
0.87422440 -0.48535000 0.01292883 0.00000000
-0.45105690 -0.82173260 -0.34828620 0.00000000
0.35820720 0.82668150 -0.48353900 1.00000000

-0.06260651 -0.94416430 0.32347180 0.00000000
0.85185270 -0.21942770 -0.47560350 0.00000000
0.52002640 0.24577440 0.81802650 0.00000000
0.00713435 0.81388330 -0.39701650 1.00000000

0.43996470 -0.06065151 0.89596470 0.00000000
0.86928270 0.27912370 -0.40796740 0.00000000
-0.22534110 0.95833780 0.17552790 0.00000000
-0.24365070 0.87848290 -0.25699920 1.00000000

0.43996860 -0.06064922 0.89596280 0.00000000
0.47492160 0.86248700 -0.17483030 0.00000000
-0.76215290 0.50243200 0.40827070 0.00000000
-0.48183440 0.80200300 -0.14521700 1.00000000

0.74276160 -0.38863350 0.54522410 0.00000000
0.14768450 0.88934480 0.43272990 0.00000000
-0.65306540 -0.24089390 0.71796620 0.00000000
-0.56019650 0.65969260 -0.11636940 1.00000000

-0.66540320 0.25778620 -0.70056070 0.00000000
-0.74630270 -0.20903460 0.63193090 0.00000000
0.01646170 0.94331900 0.33147860 0.00000000
-0.53443200 0.56654320 -0.13020730 1.00000000

0.04225079 0.99263800 0.11351000 0.00000000
-0.82267490 0.09903295 -0.55982020 0.00000000
-0.56693990 -0.06972893 0.82080250 0.00000000
-0.59254130 0.53896430 -0.12707010 1.00000000

-0.81873040 0.15762750 -0.55211820 0.00000000
-0.09088247 -0.98503360 -0.14645480 0.00000000
-0.56694010 -0.06972900 0.82080260 0.00000000
-0.56698350 0.53588780 -0.10967730 1.00000000

0.09740020 0.94917220 0.29930820 0.00000000
-0.75264530 0.26701910 -0.60185210 0.00000000
-0.65118210 -0.16665230 0.74039760 0.00000000
-0.57394640 0.54670630 -0.14741380 1.00000000

-0.75892150 0.14259210 -0.63537870 0.00000000
0.00031252 -0.97565090 -0.21932950 0.00000000
-0.65118210 -0.16665230 0.74039760 0.00000000
-0.54416340 0.53614030 -0.12359820 1.00000000

0.20690750 0.89261020 0.40054510 0.00000000
-0.64601730 0.43210900 -0.62924060 0.00000000
-0.73474570 -0.12856420 0.66604800 0.00000000
-0.55489860 0.55386150 -0.16720490 1.00000000

-0.66384350 0.33820270 -0.66703180 0.00000000
-0.13950270 -0.93225010 -0.33383960 0.00000000
-0.73474570 -0.12856420 0.66604800 0.00000000
-0.53006180 0.53724900 -0.14301320 1.00000000

0.16489930 0.91240810 0.37459260 0.00000000
-0.52250640 0.40293100 -0.75142120 0.00000000
-0.83653770 -0.07181799 0.54318210 0.00000000
-0.52716400 0.55762040 -0.18389950 1.00000000

-0.52453460 0.39145030 -0.75606240 0.00000000
-0.15832980 -0.91739230 -0.36513410 0.00000000
-0.83653770 -0.07181799 0.54318210 0.00000000
-0.50720310 0.54222660 -0.15519340 1.00000000

-0.33863650 -0.53770380 0.77213980 0.00000000
-0.79718790 0.59987580 0.06812055 0.00000000
-0.49981670 -0.59247240 -0.63179080 0.00000000
-0.51004210 0.61918780 -0.16150080 1.00000000

-0.85909020 0.43193860 0.27457800 0.00000000
0.11021490 0.68000390 -0.72487740 0.00000000
-0.49981670 -0.59247250 -0.63179080 0.00000000
-0.48370170 0.59936720 -0.16375210 1.00000000

0.60280900 -0.17409380 0.77866080 0.00000000
0.47492160 0.86248700 -0.17483030 0.00000000
-0.64114810 0.47519220 0.60259590 0.00000000
-0.52695230 0.72006640 -0.12860790 1.00000000

0.82624550 -0.27309570 0.49268350 0.00000000
0.54416610 0.61303200 -0.57277830 0.00000000
-0.14560750 0.74135720 0.65512440 0.00000000
-0.24384560 0.88173380 -0.25996510 1.00000000

0.95114760 -0.14741710 0.27126850 0.00000000
-0.28571540 -0.75321900 0.59247640 0.00000000
0.11698350 -0.64103810 -0.75854170 0.00000000
0.15794640 0.37033230 -0.29315790 1.00000000

0.95114760 -0.14741680 0.27126830 0.00000000
-0.30406710 -0.59952540 0.74034650 0.00000000
0.05349273 -0.78666260 -0.61506180 0.00000000
0.09508903 0.20462410 -0.16281310 1.00000000

0.93214100 -0.00575209 0.36204990 0.00000000
-0.14180990 -0.92580320 0.35039800 0.00000000
0.33317130 -0.37796260 -0.86379480 0.00000000
0.04025368 0.09205881 -0.03171608 1.00000000

0.93214100 -0.00575209 0.36204990 0.00000000
-0.00413200 -0.99997790 -0.00524896 0.00000000
0.36207200 0.00339665 -0.93214410 0.00000000
0.06083186 0.02189949 -0.07890657 1.00000000

0.93127890 0.27970620 -0.23341800 0.00000000
0.31020230 -0.27284650 0.91067520 0.00000000
0.19103430 -0.92049950 -0.34086160 0.00000000
