MeshAnim
1
40
75
30
0.58743190 -0.04542184 -0.80799790 0.00000000
-0.15571390 0.97342340 -0.16792870 0.00000000
0.79415180 0.22446320 0.56474710 0.00000000
0.00538873 0.41847160 -0.02266045 1.00000000

0.58662470 0.06566115 -0.80719270 0.00000000
-0.06929000 0.99712240 0.03075469 0.00000000
0.80688940 0.03788896 0.58948620 0.00000000
-0.00772682 0.49049030 -0.03244285 1.00000000

0.64608380 0.04516488 -0.76192900 0.00000000
-0.06312601 0.99798970 0.00562960 0.00000000
0.76065160 0.04446036 0.64763610 0.00000000
-0.01633110 0.59614120 -0.02851855 1.00000000

0.61451180 0.06211243 -0.78645860 0.00000000
-0.32237150 0.92963700 -0.17846970 0.00000000
0.72003610 0.36320370 0.59129620 0.00000000
-0.02236984 0.68059690 -0.02932614 1.00000000

0.61451180 0.06211243 -0.78645860 0.00000000
-0.36294510 0.90739010 -0.21192950 0.00000000
0.70046130 0.41567460 0.58014520 0.00000000
-0.07718316 0.85693590 -0.05822860 1.00000000

0.98955330 0.13396580 0.05326656 0.00000000
-0.13979840 0.98193490 0.12751540 0.00000000
-0.03522152 -0.13362990 0.99040520 0.00000000
-0.09848472 0.90584950 -0.05086561 1.00000000

0.98955330 0.13396580 0.05326656 0.00000000
-0.13169810 0.99031130 -0.04403429 0.00000000
-0.05864942 0.03655920 0.99760900 0.00000000
-0.10970550 1.00382300 -0.08881894 1.00000000

0.99978420 0.02047681 -0.00345549 0.00000000
-0.02059294 0.99907210 -0.03782348 0.00000000
0.00267774 0.03788650 0.99927840 0.00000000
-0.13254620 0.97789260 -0.20580070 1.00000000

0.98516680 0.16355460 0.05192432 0.00000000
-0.16126520 0.98585660 -0.04560930 0.00000000
-0.05864942 0.03655920 0.99760900 0.00000000
-0.10168270 0.99439750 -0.21415550 1.00000000

0.96164530 0.26380180 0.07514685 0.00000000
0.26052740 -0.96413710 0.05064899 0.00000000
0.08581322 -0.02912856 -0.99588560 0.00000000
-0.07034129 0.98851610 -0.20410050 1.00000000

0.99858510 0.03480134 0.04020807 0.00000000
0.03307263 -0.99853240 0.04288860 0.00000000
0.04164165 -0.04149813 -0.99827080 0.00000000
-0.04725510 0.99196520 -0.18509860 1.00000000

0.99736290 0.05822662 0.04332522 0.00000000
-0.05632623 0.99744850 -0.04386179 0.00000000
-0.04576859 0.04130578 0.99809770 0.00000000
-0.10272940 1.00121900 -0.21186820 1.00000000

0.98955330 0.13396580 0.05326656 0.00000000
0.13149260 -0.99017770 0.04751588 0.00000000
0.05910888 -0.04001534 -0.99744900 0.00000000
-0.05944188 1.07134800 -0.12513620 1.00000000

0.98955330 0.13396580 0.05326656 0.00000000
0.13149260 -0.99017770 0.04751588 0.00000000
0.05910888 -0.04001534 -0.99744900 0.00000000
-0.11198910 1.08088500 -0.18013150 1.00000000

0.89323030 0.43363130 0.11875800 0.00000000
0.43601200 -0.89991720 0.00651063 0.00000000
0.10969560 0.04596447 -0.99290170 0.00000000
-0.07125284 1.00925200 -0.20222460 1.00000000

0.98955330 0.13396580 0.05326656 0.00000000
0.13149260 -0.99017770 0.04751588 0.00000000
0.05910888 -0.04001534 -0.99744900 0.00000000
-0.03816837 1.12211500 -0.13850890 1.00000000

0.98955330 0.13396580 0.05326656 0.00000000
-0.13149260 0.99017760 -0.04751595 0.00000000
-0.05910888 0.04001540 0.99744900 0.00000000
-0.10765950 1.03897100 -0.21522500 1.00000000

0.93570720 0.34366960 0.07964563 0.00000000
-0.33945940 0.93858340 -0.06187314 0.00000000
-0.09601775 0.03085870 0.99490110 0.00000000
-0.15768650 0.97006860 -0.19069870 1.00000000

0.98955330 0.13396580 0.05326656 0.00000000
-0.13149260 0.99017760 -0.04751595 0.00000000
-0.05910888 0.04001540 0.99744900 0.00000000
-0.17195410 1.05611600 -0.13119260 1.00000000

0.98418940 -0.16995650 -0.04986036 0.00000000
0.17196480 0.98432360 0.03918217 0.00000000
0.04241940 -0.04713687 0.99798730 0.00000000
-0.13968490 1.00613400 -0.20387140 1.00000000

0.98723600 0.13076560 0.09091461 0.00000000
0.13776190 -0.98758580 -0.07546967 0.00000000
0.07991716 0.08703093 -0.99299480 0.00000000
-0.05944188 1.07134800 -0.12513620 1.00000000

0.98796090 0.13143450 0.08159932 0.00000000
-0.13797250 0.98716380 0.08044415 0.00000000
-0.06997877 -0.09073406 0.99341340 0.00000000
-0.17195410 1.05611600 -0.13119260 1.00000000

0.98955330 0.13396580 0.05326656 0.00000000
0.13149260 -0.99017770 0.04751588 0.00000000
0.05910888 -0.04001534 -0.99744900 0.00000000
-0.08387253 1.04021500 -0.18565810 1.00000000

0.98955330 0.13396580 0.05326656 0.00000000
-0.13149260 0.99017760 -0.04751595 0.00000000
-0.05910888 0.04001540 0.99744900 0.00000000
-0.13396260 1.03385000 -0.18829790 1.00000000

0.98955330 0.13396580 0.05326656 0.00000000
0.12884520 -0.98756130 0.09011830 0.00000000
0.06467667 -0.08231375 -0.99450560 0.00000000
-0.02226588 1.03461500 -0.16693900 1.00000000

0.98955330 0.13396580 0.05326656 0.00000000
-0.12943670 0.98827910 -0.08093393 0.00000000
-0.06348443 0.07319383 0.99529500 0.00000000
-0.19340770 1.01115400 -0.17600790 1.00000000

0.98955330 0.13396580 0.05326656 0.00000000
-0.13149260 0.99017760 -0.04751595 0.00000000
-0.05910888 0.04001540 0.99744900 0.00000000
-0.11592820 1.08324600 -0.17297210 1.00000000

0.98955330 0.13396580 0.05326656 0.00000000
-0.13149260 0.99017760 -0.04751595 0.00000000
-0.05910888 0.04001540 0.99744900 0.00000000
-0.20441220 1.09954100 -0.14693170 1.00000000

0.98955330 0.13396580 0.05326656 0.00000000
-0.13149260 0.99017760 -0.04751595 0.00000000
-0.05910888 0.04001540 0.99744900 0.00000000
-0.11832220 1.08002800 -0.18047240 1.00000000

0.98955330 0.13396580 0.05326656 0.00000000
-0.13979840 0.98193490 0.12751540 0.00000000
-0.03522152 -0.13362990 0.99040520 0.00000000
-0.17721650 1.05324900 -0.17194770 1.00000000

-0.30847040 0.94591300 -0.10047300 0.00000000
0.60779650 0.11474570 -0.78575880 0.00000000
-0.73173080 -0.30345050 -0.61031830 0.00000000
-0.04261696 0.81583650 -0.07867661 1.00000000

0.16461770 0.64323420 -0.74776390 0.00000000
0.52645270 -0.69839230 -0.48486730 0.00000000
-0.83411570 -0.31384450 -0.45360010 0.00000000
0.13631840 0.84961760 -0.31000400 1.00000000

0.23735120 0.68859200 -0.68520470 0.00000000
0.00166380 -0.70564870 -0.70856050 0.00000000
-0.97142260 0.16703760 -0.16863210 0.00000000
0.28056650 0.65825860 -0.44285810 1.00000000

0.69246860 0.46123900 -0.55474850 0.00000000
-0.08531001 -0.71119310 -0.69780160 0.00000000
-0.71638660 0.53053120 -0.45313040 0.00000000
0.28084100 0.54182650 -0.55977050 1.00000000

-0.56792000 -0.39715310 0.72092750 0.00000000
-0.79733650 0.48282310 -0.36212860 0.00000000
-0.20425980 -0.78048190 -0.59086940 0.00000000
0.23739580 0.46160640 -0.59454570 1.00000000

-0.16922370 -0.93297500 -0.31768200 0.00000000
-0.66947540 -0.12774020 0.73176850 0.00000000
-0.72330220 0.33651290 -0.60298680 0.00000000
0.28952740 0.42834620 -0.61252400 1.00000000

-0.68083410 -0.20170100 0.70411790 0.00000000
0.11532160 0.91982420 0.37500030 0.00000000
-0.72330220 0.33651290 -0.60298680 0.00000000
0.26872900 0.42437780 -0.58979020 1.00000000

-0.04651076 -0.83665990 -0.54574480 0.00000000
-0.62727110 -0.40072540 0.66779510 0.00000000
-0.77741100 0.37338950 -0.50617430 0.00000000
0.26929870 0.44425110 -0.62507230 1.00000000

-0.61428830 -0.27771600 0.73859580 0.00000000
0.13521130 0.88512970 0.44526830 0.00000000
-0.77741100 0.37338950 -0.50617430 0.00000000
0.24447710 0.42839410 -0.59864720 1.00000000

-0.04389510 -0.67225210 -0.73902020 0.00000000
-0.55761260 -0.59729990 0.57645570 0.00000000
-0.82894020 0.43739040 -0.34863770 0.00000000
0.24862630 0.45947300 -0.63718240 1.00000000

-0.53267020 -0.42714420 0.73062340 0.00000000
0.17064920 0.79135200 0.58706190 0.00000000
-0.82894020 0.43739040 -0.34863770 0.00000000
0.22718820 0.43650910 -0.61501990 1.00000000

-0.17469930 -0.71864750 -0.67307250 0.00000000
-0.46710150 -0.54127750 0.69916710 0.00000000
-0.86677380 0.43653710 -0.24112050 0.00000000
0.21948320 0.47144380 -0.64551340 1.00000000

-0.44575190 -0.46136050 0.76710610 0.00000000
0.22362690 0.77238740 0.59448240 0.00000000
-0.86677380 0.43653710 -0.24112050 0.00000000
0.20163870 0.45076570 -0.61880360 1.00000000

-0.64285450 0.49636250 -0.58340620 0.00000000
-0.75611250 -0.53311150 0.37958740 0.00000000
-0.12260760 0.68513990 0.71801890 0.00000000
0.21605790 0.51597780 -0.61636710 1.00000000

-0.97803910 -0.20700240 -0.02428961 0.00000000
0.17345420 -0.87301490 0.45580590 0.00000000
-0.11555790 0.44158280 0.88974770 0.00000000
0.19107460 0.49836290 -0.60382490 1.00000000

0.49658670 0.61560490 -0.61190890 0.00000000
0.00166380 -0.70564870 -0.70856050 0.00000000
-0.86798570 0.35084350 -0.35143980 0.00000000
0.28072460 0.59122200 -0.51017140 1.00000000

-0.51898400 0.30603620 -0.79812130 0.00000000
0.70321920 -0.37794710 -0.60219510 0.00000000
-0.48594120 -0.87378380 -0.01906219 0.00000000
0.13630540 0.84961490 -0.31001420 1.00000000

0.44278340 -0.87791160 0.18224690 0.00000000
0.40549330 0.01478044 -0.91397850 0.00000000
0.79969880 0.47859440 0.36253180 0.00000000
-0.08437458 0.81211590 -0.02347140 1.00000000

-0.47613620 -0.37072620 -0.79740600 0.00000000
0.76462230 0.27334150 -0.58364140 0.00000000
0.43433530 -0.88760710 0.15331770 0.00000000
-0.20375180 0.80776480 0.24560340 1.00000000

-0.48434340 -0.37197590 -0.79186210 0.00000000
0.53529380 -0.84191810 0.06807663 0.00000000
-0.69200600 -0.39090640 0.60689390 0.00000000
-0.41325760 0.73286990 0.40552170 1.00000000

0.18343210 -0.10217380 -0.97770810 0.00000000
0.11972380 -0.98485810 0.12538290 0.00000000
-0.97571450 -0.14005420 -0.16842200 0.00000000
-0.50158190 0.87178640 0.39428890 1.00000000

-0.07235569 0.28759720 0.95501450 0.00000000
-0.99365990 -0.10339990 -0.04414535 0.00000000
0.08605248 -0.95215360 0.29325530 0.00000000
-0.46844260 1.11292200 0.29510520 1.00000000

0.13965770 -0.87266590 0.46792100 0.00000000
-0.25114750 0.42588260 0.86922320 0.00000000
-0.95782100 -0.23891090 -0.15969000 0.00000000
-0.55217350 0.97711690 0.34870400 1.00000000

-0.03363606 -0.31907500 0.94713220 0.00000000
-0.42506860 0.86225290 0.27538460 0.00000000
-0.90453610 -0.39333330 -0.16463170 0.00000000
-0.54437090 0.96388550 0.32169920 1.00000000

0.16929930 -0.97191380 0.16346770 0.00000000
-0.09945935 0.14816690 0.98394830 0.00000000
-0.98053330 -0.18284020 -0.07158139 0.00000000
-0.52547790 0.98198310 0.35345720 1.00000000

0.01269701 -0.13432230 0.99085650 0.00000000
-0.33339940 0.93366250 0.13084120 0.00000000
-0.94270010 -0.33201210 -0.03292826 0.00000000
-0.52154230 0.97612020 0.31452130 1.00000000

0.07690610 -0.99689810 -0.01672936 0.00000000
-0.03286088 -0.01930435 0.99927350 0.00000000
-0.99649680 -0.07630043 -0.03424338 0.00000000
-0.49856790 0.98666950 0.35781300 1.00000000

0.13868520 -0.23199540 0.96277990 0.00000000
-0.25112830 0.93216020 0.26079140 0.00000000
-0.95796720 -0.27794910 0.07101598 0.00000000
-0.49730450 0.98741160 0.31939430 1.00000000

-0.08263463 -0.14541070 -0.98591440 0.00000000
0.14095240 -0.98105820 0.13288050 0.00000000
-0.98656170 -0.12798660 0.10156530 0.00000000
-0.45898320 0.98787710 0.36036890 1.00000000

-0.02770355 -0.48158260 -0.87596270 0.00000000
0.16102350 -0.86700500 0.47156520 0.00000000
-0.98656170 -0.12798660 0.10156530 0.00000000
-0.46436780 1.02535600 0.35529270 1.00000000

-0.93947370 0.31313590 -0.13905140 0.00000000
-0.15728930 -0.03362201 0.98698010 0.00000000
0.30438380 0.94911300 0.08083990 0.00000000
-0.44010960 0.89745750 0.36389640 1.00000000

-0.48426200 0.15558570 0.86097820 0.00000000
0.36809470 -0.85650300 0.36181380 0.00000000
0.79372340 0.49213420 0.35750160 0.00000000
-0.43491210 0.89856920 0.33128520 1.00000000

-0.18438930 -0.19512580 -0.96328940 0.00000000
0.53529380 -0.84191810 0.06807663 0.00000000
-0.82429440 -0.50309030 0.25969030 0.00000000
-0.46411100 0.81285230 0.39905450 1.00000000

0.98874890 0.05336037 -0.13974330 0.00000000
-0.13743290 0.69289130 -0.70782330 0.00000000
0.05905733 0.71906500 0.69242890 0.00000000
-0.22030740 0.83377310 0.23400810 1.00000000

0.94579890 0.10016010 0.30892210 0.00000000
0.29591460 -0.65768420 -0.69273840 0.00000000
0.13378820 0.74660560 -0.65167570 0.00000000
0.09331015 0.36311340 -0.13928670 1.00000000

0.94579890 0.10016010 0.30892210 0.00000000
-0.11402970 -0.78825800 0.60468750 0.00000000
0.30407560 -0.60713900 -0.73411220 0.00000000
0.15841140 0.21842290 -0.29168920 1.00000000

0.96592610 -0.00000010 0.25881910 0.00000000
-0.00000005 -1.00000000 0.00000001 0.00000000
0.25881890 -0.00000011 -0.96592610 0.00000000
0.13926310 0.07255095 -0.18576920 1.00000000

0.96592610 -0.00000010 0.25881910 0.00000000
-0.00000005 -1.00000000 0.00000001 0.00000000
0.25881890 -0.00000011 -0.96592610 0.00000000
0.16086580 0.02705100 -0.25673260 1.00000000

-0.29545500 -0.44038410 -0.84780200 0.00000000
0.55514490 0.64307860 -0.52750750 0.00000000
0.77750920 -0.62650770 0.05447611 0.00000000
-0.08103497 0.37659460 0.10052070 1.00000000

-0.29545520 -0.44038430 -0.84780190 0.00000000
-0.21645770 0.89519910 -0.38956990 0.00000000
0.93051180 0.06841271 -0.35981590 0.00000000
-0.20316690 0.23511730 0.21657230 1.00000000

0.04834962 0.00000006 -0.99883060 0.00000000
0.00000008 1.00000000 0.00000004 0.00000000
0.99883060 -0.00000012 0.04834962 0.00000000
-0.16857960 0.07255113 0.28896260 1.00000000

0.04834962 0.00000006 -0.99883060 0.00000000
0.00000008 1.00000000 0.00000004 0.00000000
0.99883060 -0.00000012 0.04834962 0.00000000
-0.24275040 0.02705109 0.28787540 1.00000000

1.00000000 0.00000000 0.00000000 0.00000000
0.00000000 1.00000000 0.00000000 0.00000000
0.00000000 0.00000000 1.00000000 0.00000000
0.00000000 0.00000000 0.00000000 1.00000000

1.00000000 0.00000000 0.00000000 0.00000000
0.00000000 1.00000000 0.00000000 0.00000000
0.00000000 0.00000000 1.00000000 0.00000000
0.00000000 0.00000000 0.00000000 1.00000000

1.00000000 0.00000000 0.00000000 0.00000000
0.00000000 1.00000000 0.00000000 0.00000000
0.00000000 0.00000000 1.00000000 0.00000000
0.00000000 0.00000000 0.00000000 1.00000000

0.58731420 -0.04464464 -0.80812680 0.00000000
-0.15613810 0.97347160 -0.16725400 0.00000000
0.79415550 0.22441000 0.56476310 0.00000000
0.00594952 0.42013480 -0.02519803 1.00000000

0.58659650 0.06582792 -0.80719970 0.00000000
-0.06936758 0.99711230 0.03090565 0.00000000
0.80690320 0.03786437 0.58946900 0.00000000
-0.00716789 0.49215450 -0.03497108 1.00000000

0.64606350 0.04521791 -0.76194330 0.00000000
-0.06129654 0.99809330 0.00725804 0.00000000
0.76081850 0.04201532 0.64760330 0.00000000
-0.01576751 0.59775570 -0.03102295 1.00000000

0.61518920 0.06352368 -0.78581630 0.00000000
-0.31362290 0.93420490 -0.17000580 0.00000000
0.72331390 0.35103560 0.59463520 0.00000000
-0.02158222 0.68203670 -0.03162023 1.00000000

0.61518920 0.06352368 -0.78581630 0.00000000
-0.35439780 0.91264490 -0.20367000 0.00000000
0.70423330 0.40378700 0.58396200 0.00000000
-0.07473709 0.85913760 -0.05891695 1.00000000

0.98951750 0.13446610 0.05267230 0.00000000
-0.14016650 0.98206230 0.12612280 0.00000000
-0.03476796 -0.13218350 0.99061530 0.00000000
-0.09554523 0.90838120 -0.05108259 1.00000000

0.98951750 0.13446610 0.05267230 0.00000000
-0.13213840 0.99018910 -0.04544233 0.00000000
-0.05826586 0.03800597 0.99757740 0.00000000
-0.10682300 1.00629400 -0.08917591 1.00000000

0.99979260 0.01989856 -0.00435436 0.00000000
-0.02005418 0.99902930 -0.03922214 0.00000000
0.00356984 0.03930135 0.99922110 0.00000000
-0.12975940 0.98008680 -0.20606250 1.00000000

0.98507130 0.16433380 0.05127454 0.00000000
-0.16198690 0.98567240 -0.04701359 0.00000000
-0.05826586 0.03800597 0.99757740 0.00000000
-0.09884693 0.99669030 -0.21450070 1.00000000

0.96123330 0.26564010 0.07393256 0.00000000
0.26228750 -0.96358560 0.05204137 0.00000000
0.08506447 -0.03063234 -0.99590470 0.00000000
-0.06744017 0.99079510 -0.20439720 1.00000000

0.99853380 0.03655726 0.03992426 0.00000000
0.03477748 -0.99840840 0.04439855 0.00000000
0.04148367 -0.04294499 -0.99821590 0.00000000
-0.04435652 0.99436390 -0.18539050 1.00000000

0.99735520 0.05871556 0.04283944 0.00000000
-0.05676952 0.99735860 -0.04531055 0.00000000
-0.04538670 0.04275876 0.99805400 0.00000000
-0.09989502 1.00351100 -0.21222400 1.00000000

0.98951750 0.13446610 0.05267230 0.00000000
0.13193420 -0.99005040 0.04892378 0.00000000
0.05872661 -0.04146168 -0.99741290 0.00000000
-0.05660275 1.07378700 -0.12561290 1.00000000

0.98951750 0.13446610 0.05267230 0.00000000
0.13193420 -0.99005040 0.04892378 0.00000000
0.05872661 -0.04146168 -0.99741290 0.00000000
-0.10916520 1.08314500 -0.18061090 1.00000000

0.89258280 0.43529750 0.11752480 0.00000000
0.43750360 -0.89918340 0.00769314 0.00000000
0.10902500 0.04455071 -0.99304010 0.00000000
-0.06838812 1.01168100 -0.20255740 1.00000000

0.98951750 0.13446610 0.05267230 0.00000000
0.13193420 -0.99005040 0.04892378 0.00000000
0.05872661 -0.04146168 -0.99741290 0.00000000
-0.03536895 1.12463200 -0.13905760 1.00000000

0.98951750 0.13446610 0.05267230 0.00000000
-0.13193420 0.99005040 -0.04892384 0.00000000
-0.05872658 0.04146175 0.99741290 0.00000000
-0.10484720 1.04129000 -0.21563470 1.00000000

0.93494010 0.34590550 0.07897002 0.00000000
-0.34158930 0.93771760 -0.06326525 0.00000000
-0.09593526 0.03217394 0.99486760 0.00000000
-0.15491720 0.97230180 -0.19094940 1.00000000

0.98951750 0.13446610 0.05267230 0.00000000
-0.13193420 0.99005040 -0.04892384 0.00000000
-0.05872658 0.04146175 0.99741290 0.00000000
-0.16911090 1.05849800 -0.13160170 1.00000000

0.98407940 -0.17036770 -0.05062211 0.00000000
0.17234610 0.98431610 0.03766407 0.00000000
0.04341137 -0.04578893 0.99800750 0.00000000
-0.13692220 1.00850000 -0.20417610 1.00000000

0.98718320 0.13122570 0.09082511 0.00000000
0.13818610 -0.98755350 -0.07511745 0.00000000
0.07983708 0.08670545 -0.99303000 0.00000000
-0.05660275 1.07378700 -0.12561290 1.00000000

0.98791640 0.13190020 0.08138549 0.00000000
-0.13839920 0.98712640 0.08017049 0.00000000
-0.06976315 -0.09046543 0.99345310 0.00000000
-0.16911090 1.05849800 -0.13160170 1.00000000

0.98951750 0.13446610 0.05267230 0.00000000
0.13193420 -0.99005040 0.04892378 0.00000000
0.05872661 -0.04146168 -0.99741290 0.00000000
-0.08105785 1.04262400 -0.18607000 1.00000000

0.98951750 0.13446610 0.05267230 0.00000000
-0.13193420 0.99005040 -0.04892384 0.00000000
-0.05872658 0.04146175 0.99741290 0.00000000
-0.13114070 1.03626200 -0.18867670 1.00000000

0.98951750 0.13446610 0.05267230 0.00000000
0.12930270 -0.98737230 0.09152336 0.00000000
0.06431374 -0.08375331 -0.99440880 0.00000000
-0.01942781 1.03700800 -0.16737630 1.00000000

0.98951750 0.13446610 0.05267230 0.00000000
-0.12989090 0.98810340 -0.08233983 0.00000000
-0.06311738 0.07463502 0.99521150 0.00000000
-0.19056320 1.01346000 -0.17634200 1.00000000

0.98951750 0.13446610 0.05267230 0.00000000
-0.13193420 0.99005040 -0.04892384 0.00000000
-0.05872658 0.04146175 0.99741290 0.00000000
-0.11311330 1.08559000 -0.17344370 1.00000000

0.98951750 0.13446610 0.05267230 0.00000000
-0.13193420 0.99005040 -0.04892384 0.00000000
-0.05872658 0.04146175 0.99741290 0.00000000
-0.20160650 1.10197400 -0.14738040 1.00000000

0.98951750 0.13446610 0.05267230 0.00000000
-0.13193420 0.99005040 -0.04892384 0.00000000
-0.05872658 0.04146175 0.99741290 0.00000000
-0.11549810 1.08228400 -0.18094800 1.00000000

0.98951750 0.13446610 0.05267230 0.00000000
-0.14016650 0.98206230 0.12612280 0.00000000
-0.03476796 -0.13218350 0.99061530 0.00000000
-0.17438840 1.05556900 -0.17235050 1.00000000

-0.29958200 0.94963790 -0.09186283 0.00000000
0.60896720 0.11620890 -0.78463690 0.00000000
-0.73444550 -0.29100450 -0.61311230 0.00000000
-0.04055415 0.81790440 -0.07973655 1.00000000

0.15678470 0.65768800 -0.73679390 0.00000000
0.52259760 -0.68826930 -0.50316800 0.00000000
-0.83803990 -0.30615760 -0.45161610 0.00000000
0.13872580 0.85211630 -0.31073370 1.00000000

0.23005900 0.70193030 -0.67406740 0.00000000
-0.01595950 -0.68983230 -0.72379370 0.00000000
-0.97304620 0.17727310 -0.14749970 0.00000000
0.28191760 0.66353090 -0.44860210 1.00000000

0.68501320 0.47044500 -0.55627210 0.00000000
-0.10080060 -0.69500620 -0.71190320 0.00000000
-0.72152410 0.54373540 -0.42866710 0.00000000
0.27928420 0.54970860 -0.56802800 1.00000000

-0.55730310 -0.41065200 0.72164990 0.00000000
-0.80112030 0.49436400 -0.33735900 0.00000000
-0.21822030 -0.76613930 -0.60449210 0.00000000
0.23485600 0.47048190 -0.60382350 1.00000000

-0.17921130 -0.92486450 -0.33542410 0.00000000
-0.65734770 -0.14109860 0.74026070 0.00000000
-0.73196870 0.35315300 -0.58267090 0.00000000
0.28650750 0.43740000 -0.62344250 1.00000000

-0.66954100 -0.21437040 0.71116860 0.00000000
0.12624380 0.91067480 0.39336290 0.00000000
-0.73196870 0.35315300 -0.58267090 0.00000000
0.26608570 0.43301650 -0.60044490 1.00000000

-0.05998999 -0.82401730 -0.56337980 0.00000000
-0.61757970 -0.41276890 0.66949030 0.00000000
-0.78421740 0.38809450 -0.48413430 0.00000000
0.26614240 0.45367210 -0.63527960 1.00000000

-0.60277930 -0.29143450 0.74278090 0.00000000
0.14717580 0.87432770 0.46248340 0.00000000
-0.78421740 0.38809450 -0.48413430 0.00000000
0.24170420 0.43733840 -0.60878720 1.00000000

-0.05991527 -0.65533760 -0.75295650 0.00000000
-0.55046410 -0.60755850 0.57259260 0.00000000
-0.83270660 0.44878230 -0.32433770 0.00000000
0.24533790 0.46925320 -0.64668600 1.00000000

-0.52203700 -0.44100980 0.73006040 0.00000000
0.18460210 0.77724210 0.60151270 0.00000000
-0.83270660 0.44878230 -0.32433770 0.00000000
0.22417480 0.44589500 -0.62467210 1.00000000

-0.18978460 -0.70261320 -0.68579690 0.00000000
-0.45757610 -0.55470200 0.69493150 0.00000000
-0.86868100 0.44569130 -0.21622520 0.00000000
0.21611370 0.48153770 -0.65424030 1.00000000

-0.43466850 -0.47642200 0.76425490 0.00000000
0.23760750 0.75787990 0.60758680 0.00000000
-0.86868100 0.44569130 -0.21622520 0.00000000
0.19863320 0.46034660 -0.62769220 1.00000000

-0.65041970 0.51216350 -0.56093050 0.00000000
-0.75202100 -0.53809360 0.38068370 0.00000000
-0.10686080 0.66943560 0.73514430 0.00000000
0.21340850 0.52542290 -0.62405280 1.00000000

-0.97930600 -0.20203760 -0.01190138 0.00000000
0.17706320 -0.88376530 0.43313700 0.00000000
-0.09802783 0.42206630 0.90124950 0.00000000
0.18856040 0.50764330 -0.61147420 1.00000000

0.48952390 0.62580500 -0.60723520 0.00000000
-0.01595950 -0.68983230 -0.72379370 0.00000000
-0.87184410 0.36400550 -0.32770180 0.00000000
0.28040140 0.59799700 -0.51736250 1.00000000

-0.51597060 0.31815020 -0.79533340 0.00000000
0.69974260 -0.37900970 -0.60556790 0.00000000
-0.49410050 -0.86898350 -0.02706562 0.00000000
0.13869870 0.85211320 -0.31075430 1.00000000

0.43412060 -0.88368450 0.17504660 0.00000000
0.40613690 0.01854235 -0.91362420 0.00000000
0.80410960 0.46771590 0.36694650 0.00000000
-0.08235340 0.81407180 -0.02457050 1.00000000

-0.47701850 -0.36345700 -0.80022040 0.00000000
0.76779230 0.27077050 -0.58067070 0.00000000
0.42772480 -0.89139350 0.14989690 0.00000000
-0.20192000 0.80861320 0.24440000 1.00000000

-0.48524620 -0.36467560 -0.79469980 0.00000000
0.52747750 -0.84695630 0.06657590 0.00000000
-0.69735480 -0.38688070 0.60334050 0.00000000
-0.41229440 0.73442270 0.40350430 1.00000000

0.18853580 -0.10057510 -0.97690300 0.00000000
0.10721200 -0.98668870 0.12227380 0.00000000
-0.97619660 -0.12778870 -0.17524330 0.00000000
-0.49932900 0.87417050 0.39251900 1.00000000

-0.07512182 0.28475050 0.95565400 0.00000000
-0.99451020 -0.09140326 -0.05094129 0.00000000
0.07284439 -0.95423410 0.29005360 0.00000000
-0.46268850 1.11527600 0.29450030 1.00000000

0.12625670 -0.87606400 0.46537200 0.00000000
-0.25170030 0.42548240 0.86925930 0.00000000
-0.95953440 -0.22688420 -0.16678560 0.00000000
-0.54837070 0.98027030 0.34702470 1.00000000

-0.04355502 -0.32230450 0.94563360 0.00000000
-0.41657990 0.86617850 0.27603620 0.00000000
-0.90805530 -0.38190930 -0.17199210 0.00000000
-0.54055090 0.96705150 0.32001880 1.00000000

0.15668990 -0.97448190 0.16072720 0.00000000
-0.10406530 0.14554170 0.98386410 0.00000000
-0.98215010 -0.17088770 -0.07860479 0.00000000
-0.52165070 0.98480030 0.35196850 1.00000000

0.00468335 -0.13828610 0.99038140 0.00000000
-0.32313530 0.93704990 0.13236750 0.00000000
-0.94634120 -0.32064720 -0.04029649 0.00000000
-0.51753270 0.97904120 0.31303600 1.00000000

0.06517574 -0.99767020 -0.02015722 0.00000000
-0.03955966 -0.02276758 0.99895810 0.00000000
-0.99708950 -0.06431048 -0.04095143 0.00000000
-0.49471550 0.98914950 0.35651560 1.00000000

0.12968260 -0.23734150 0.96273150 0.00000000
-0.24173140 0.93406780 0.26283710 0.00000000
-0.96163860 -0.26680770 0.06375945 0.00000000
-0.49319470 0.99002470 0.31810920 1.00000000

-0.07796660 -0.14061250 -0.98699020 0.00000000
0.12843520 -0.98317070 0.12992270 0.00000000
-0.98864850 -0.11663470 0.09471408 0.00000000
-0.45513660 0.98987640 0.35933080 1.00000000

-0.02774265 -0.47783550 -0.87801120 0.00000000
0.14766420 -0.87067190 0.46917570 0.00000000
-0.98864850 -0.11663470 0.09471408 0.00000000
-0.46004310 1.02743600 0.35436770 1.00000000

-0.93477060 0.32482160 -0.14385710 0.00000000
-0.16406730 -0.03555684 0.98580830 0.00000000
0.31509680 0.94510680 0.08653006 0.00000000
-0.43736100 0.89922580 0.36262400 1.00000000

-0.48794830 0.15801110 0.85845170 0.00000000
0.35555190 -0.86220970 0.36080040 0.00000000
0.79717610 0.48127620 0.36453270 0.00000000
-0.43193940 0.90040140 0.33005130 1.00000000

-0.18240180 -0.18943760 -0.96480210 0.00000000
0.52747750 -0.84695630 0.06657590 0.00000000
-0.82975730 -0.49676780 0.25441060 0.00000000
-0.46240540 0.81488380 0.39717970 1.00000000

0.98930040 0.04491387 -0.13880760 0.00000000
-0.13028540 0.70014100 -0.70201740 0.00000000
0.06565464 0.71259070 0.69850140 0.00000000
-0.21820220 0.83485210 0.23302630 1.00000000

0.94575750 0.10023590 0.30902340 0.00000000
0.29407400 -0.66839800 -0.68320170 0.00000000
0.13806930 0.73701880 -0.66161940 0.00000000
0.09387381 0.36489000 -0.14187600 1.00000000

0.94575750 0.10023590 0.30902340 0.00000000
-0.11565300 -0.78501630 0.60858350 0.00000000
0.30359030 -0.61131190 -0.73084260 0.00000000
0.15857010 0.21784250 -0.29218040 1.00000000

0.96591690 -0.00010742 0.25885230 0.00000000
-0.00009250 -1.00000000 -0.00006992 0.00000000
0.25885230 0.00004359 -0.96591700 0.00000000
0.13912520 0.07253721 -0.18553810 1.00000000

0.96591690 -0.00010742 0.25885230 0.00000000
-0.00009250 -1.00000000 -0.00006992 0.00000000
0.25885230 0.00004359 -0.96591700 0.00000000
0.16072620 0.02704015 -0.25650390 1.00000000

-0.29727160 -0.44334940 -0.84561870 0.00000000
0.54220230 0.65061090 -0.53171640 0.00000000
0.78590480 -0.61656050 0.04697692 0.00000000
-0.08043639 0.37814060 0.09796969 1.00000000

-0.29727180 -0.44334970 -0.84561860 0.00000000
-0.19615540 0.89512310 -0.40034720 0.00000000
0.93442630 0.04686074 -0.35306020 0.00000000
-0.19972090 0.23500610 0.21494730 1.00000000

0.04840961 -0.00018843 -0.99882760 0.00000000
0.00061001 0.99999990 -0.00015909 0.00000000
0.99882750 -0.00060160 0.04840970 0.00000000
-0.16883230 0.07256123 0.28925690 1.00000000

0.04840961 -0.00018843 -0.99882760 0.00000000
0.00061001 0.99999990 -0.00015909 0.00000000
0.99882750 -0.00060160 0.04840970 0.00000000
-0.24303080 0.02710626 0.28817250 1.00000000

1.00000000 0.00000000 0.00000000 0.00000000
0.00000000 1.00000000 0.00000000 0.00000000
0.00000000 0.00000000 1.00000000 0.00000000
0.00000000 0.00000000 0.00000000 1.00000000

1.00000000 0.00000000 0.00000000 0.00000000
0.00000000 1.00000000 0.00000000 0.00000000
0.00000000 0.00000000 1.00000000 0.00000000
0.00000000 0.00000000 0.00000000 1.00000000

1.00000000 0.00000000 0.00000000 0.00000000
0.00000000 1.00000000 0.00000000 0.00000000
0.00000000 0.00000000 1.00000000 0.00000000
0.00000000 0.00000000 0.00000000 1.00000000

0.58718120 -0.04379315 -0.80827010 0.00000000
-0.15658330 0.97352940 -0.16649970 0.00000000
0.79416620 0.22432710 0.56478090 0.00000000
0.00675405 0.42165820 -0.02826473 1.00000000

0.58657250 0.06595135 -0.80720700 0.00000000
-0.06945056 0.99710360 0.03099892 0.00000000
0.80691350 0.03787791 0.58945390 0.00000000
-0.00634064 0.49367930 -0.03805917 1.00000000

0.64602720 0.04523780 -0.76197280 0.00000000
-0.06008395 0.99815860 0.00831872 0.00000000
0.76094610 0.04040827 0.64755580 0.00000000
-0.01493864 0.59923960 -0.03409465 1.00000000

0.61602850 0.06507707 -0.78503110 0.00000000
-0.30549460 0.93832170 -0.16194280 0.00000000
0.72607300 0.33958420 0.59791360 0.00000000
-0.02058156 0.68332510 -0.03452094 1.00000000

0.61602850 0.06507707 -0.78503110 0.00000000
-0.34644020 0.91740860 -0.19580720 0.00000000
0.70745180 0.39258920 0.58769520 0.00000000
-0.07219774 0.86110910 -0.06028727 1.00000000

0.98943560 0.13545640 0.05166101 0.00000000
-0.14092340 0.98229650 0.12342700 0.00000000
-0.03402737 -0.12940330 0.99100820 0.00000000
-0.09253982 0.91068600 -0.05200139 1.00000000

0.98943560 0.13545640 0.05166101 0.00000000
-0.13301100 0.98994360 -0.04816557 0.00000000
-0.05766574 0.04078525 0.99750260 0.00000000
-0.10392510 1.00848100 -0.09036499 1.00000000

0.99980350 0.01892957 -0.00588736 0.00000000
-0.01915986 0.99893760 -0.04191234 0.00000000
0.00508782 0.04201695 0.99910400 0.00000000
-0.12702430 0.98174800 -0.20707340 1.00000000

0.98488740 0.16577360 0.05015850 0.00000000
-0.16331390 0.98532030 -0.04972836 0.00000000
-0.05766574 0.04078525 0.99750260 0.00000000
-0.09602124 0.99853460 -0.21566530 1.00000000

0.96044200 0.26907670 0.07175562 0.00000000
0.26557270 -0.96253500 0.05474924 0.00000000
0.08379900 -0.03352720 -0.99591850 0.00000000
-0.06449412 0.99261810 -0.20546790 1.00000000

0.99842670 0.03981612 0.03948137 0.00000000
0.03793515 -0.99816020 0.04729681 0.00000000
0.04129186 -0.04572471 -0.99810050 0.00000000
-0.04141871 0.99641070 -0.18645270 1.00000000

0.99733170 0.05968493 0.04203808 0.00000000
-0.05764813 0.99717740 -0.04810209 0.00000000
-0.04479033 0.04555037 0.99795760 0.00000000
-0.09707281 1.00535500 -0.21340910 1.00000000

0.98943560 0.13545640 0.05166101 0.00000000
0.13280890 -0.98979520 0.05164673 0.00000000
0.05812964 -0.04424008 -0.99732840 0.00000000
-0.05378556 1.07591200 -0.12702510 1.00000000

0.98943560 0.13545640 0.05166101 0.00000000
0.13280890 -0.98979520 0.05164673 0.00000000
0.05812964 -0.04424008 -0.99732840 0.00000000
-0.10637150 1.08493500 -0.18203290 1.00000000

0.89135970 0.43839060 0.11528930 0.00000000
0.44026710 -0.89781090 0.01002286 0.00000000
0.10790190 0.04182404 -0.99328150 0.00000000
-0.06551195 1.01378100 -0.20369940 1.00000000

0.98943560 0.13545640 0.05166101 0.00000000
0.13280890 -0.98979520 0.05164673 0.00000000
0.05812964 -0.04424008 -0.99732840 0.00000000
-0.03262618 1.12689400 -0.14060770 1.00000000

0.98943560 0.13545640 0.05166101 0.00000000
-0.13280880 0.98979510 -0.05164679 0.00000000
-0.05812964 0.04424014 0.99732840 0.00000000
-0.10206740 1.04317900 -0.21692410 1.00000000

0.93348990 0.35007100 0.07776362 0.00000000
-0.34554710 0.93608000 -0.06596541 0.00000000
-0.09588555 0.03470703 0.99478720 0.00000000
-0.15221540 0.97403500 -0.19194160 1.00000000

0.98943560 0.13545640 0.05166101 0.00000000
-0.13280880 0.98979510 -0.05164679 0.00000000
-0.05812964 0.04424014 0.99732840 0.00000000
-0.16628440 1.06051100 -0.13289900 1.00000000

0.98389690 -0.17104340 -0.05187705 0.00000000
0.17295010 0.98431650 0.03477690 0.00000000
0.04511502 -0.04318908 0.99804780 0.00000000
-0.13423420 1.01047900 -0.20527150 1.00000000

0.98707000 0.13213930 0.09073231 0.00000000
0.13902760 -0.98749610 -0.07431777 0.00000000
0.07977745 0.08597113 -0.99309860 0.00000000
-0.05378556 1.07591200 -0.12702510 1.00000000

0.98781870 0.13282420 0.08106658 0.00000000
-0.13924750 0.98706040 0.07951212 0.00000000
-0.06945652 -0.08983184 0.99353220 0.00000000
-0.16628440 1.06051100 -0.13289900 1.00000000

0.98943560 0.13545640 0.05166101 0.00000000
0.13280890 -0.98979520 0.05164673 0.00000000
0.05812964 -0.04424008 -0.99732840 0.00000000
-0.07827692 1.04468600 -0.18736230 1.00000000

0.98943560 0.13545640 0.05166101 0.00000000
-0.13280880 0.98979510 -0.05164679 0.00000000
-0.05812964 0.04424014 0.99732840 0.00000000
-0.12834630 1.03832400 -0.18991200 1.00000000

0.98943560 0.13545640 0.05166101 0.00000000
0.13020210 -0.98699840 0.09424022 0.00000000
0.06375477 -0.08651825 -0.99420830 0.00000000
-0.01660575 1.03904700 -0.16870780 1.00000000

0.98943560 0.13545640 0.05166101 0.00000000
-0.13078510 0.98775520 -0.08505840 0.00000000
-0.06255019 0.07740331 0.99503590 0.00000000
-0.18772670 1.01532900 -0.17749770 1.00000000

0.98943560 0.13545640 0.05166101 0.00000000
-0.13280880 0.98979510 -0.05164679 0.00000000
-0.05812964 0.04424014 0.99732840 0.00000000
-0.11033640 1.08753200 -0.17485320 1.00000000

0.98943560 0.13545640 0.05166101 0.00000000
-0.13280880 0.98979510 -0.05164679 0.00000000
-0.05812964 0.04424014 0.99732840 0.00000000
-0.19884960 1.10407200 -0.14876040 1.00000000

0.98943560 0.13545640 0.05166101 0.00000000
-0.13280880 0.98979510 -0.05164679 0.00000000
-0.05812964 0.04424014 0.99732840 0.00000000
-0.11270390 1.08406800 -0.18236350 1.00000000

0.98943560 0.13545640 0.05166101 0.00000000
-0.14092340 0.98229650 0.12342700 0.00000000
-0.03402737 -0.12940330 0.99100820 0.00000000
-0.17158530 1.05746200 -0.17363590 1.00000000

-0.29135260 0.95295040 -0.08366345 0.00000000
0.61026010 0.11780170 -0.78339370 0.00000000
-0.73667960 -0.27930030 -0.61586930 0.00000000
-0.03836295 0.81976620 -0.08145505 1.00000000

0.14518250 0.66988610 -0.72813090 0.00000000
0.51860950 -0.67825350 -0.52059290 0.00000000
-0.84259530 -0.30203460 -0.44587990 0.00000000
0.14129770 0.85444700 -0.31208620 1.00000000

0.21908720 0.71339640 -0.66563240 0.00000000
-0.03506809 -0.67600830 -0.73605950 0.00000000
-0.97507500 0.18460360 -0.12308730 0.00000000
0.28339670 0.66860590 -0.45472910 1.00000000

0.67321410 0.48109490 -0.56154310 0.00000000
-0.11662920 -0.68081980 -0.72310630 0.00000000
-0.73019240 0.55229740 -0.40222770 0.00000000
0.27761050 0.55706460 -0.57617900 1.00000000

-0.54192630 -0.42461010 0.72527410 0.00000000
-0.80783900 0.50116210 -0.31021440 0.00000000
-0.23175960 -0.75401790 -0.61460960 0.00000000
0.23236290 0.47857210 -0.61256070 1.00000000

-0.18707880 -0.91802360 -0.34962120 0.00000000
-0.64134790 -0.15544440 0.75133910 0.00000000
-0.74409350 0.36478820 -0.55969200 0.00000000
0.28355520 0.44586680 -0.63393590 1.00000000

-0.65421920 -0.22812510 0.72108010 0.00000000
0.13536170 0.90271220 0.40839790 0.00000000
-0.74409350 0.36478820 -0.55969200 0.00000000
0.26363050 0.44103750 -0.61059420 1.00000000

-0.07272276 -0.81274400 -0.57806530 0.00000000
-0.60331440 -0.42568060 0.67439450 0.00000000
-0.79418110 0.39779870 -0.45938320 0.00000000
0.26295170 0.46237520 -0.64500860 1.00000000

-0.58684860 -0.30581770 0.74972280 0.00000000
0.15775150 0.86500400 0.47632240 0.00000000
-0.79418110 0.39779870 -0.45938320 0.00000000
0.23907820 0.44553070 -0.61832240 1.00000000

-0.07660875 -0.64036330 -0.76424260 0.00000000
-0.53844570 -0.61854510 0.57225700 0.00000000
-0.83917090 0.45534280 -0.29741500 0.00000000
0.24191790 0.47818450 -0.65565500 1.00000000

-0.50650950 -0.45513860 0.73232320 0.00000000
0.19809330 0.76518760 0.61257470 0.00000000
-0.83917090 0.45534280 -0.29741500 0.00000000
0.22121670 0.45440380 -0.63365390 1.00000000

-0.20503540 -0.68891170 -0.69524230 0.00000000
-0.44290440 -0.56813720 0.69358190 0.00000000
-0.87280980 0.45013440 -0.18863370 0.00000000
0.21254670 0.49062440 -0.66233430 1.00000000

-0.41845070 -0.49124470 0.76392280 0.00000000
0.25120280 0.74569280 0.61712240 0.00000000
-0.87280980 0.45013440 -0.18863370 0.00000000
0.19562670 0.46892020 -0.63583790 1.00000000

-0.66197790 0.52331440 -0.53658910 0.00000000
-0.74403990 -0.54525130 0.38614270 0.00000000
-0.09050196 0.65486150 0.75031090 0.00000000
0.21052490 0.53390740 -0.63123740 1.00000000

-0.97948350 -0.20145790 0.00523916 0.00000000
0.18570380 -0.89217930 0.41174080 0.00000000
-0.07827425 0.40426610 0.91128610 0.00000000
0.18594050 0.51589130 -0.61847870 1.00000000

0.47831820 0.63532390 -0.60627980 0.00000000
-0.03506809 -0.67600830 -0.73605950 0.00000000
-0.87748650 0.37333160 -0.30106740 0.00000000
0.28006520 0.60438510 -0.52465470 1.00000000

-0.51289150 0.32951640 -0.79269250 0.00000000
0.69669400 -0.37972530 -0.60862700 0.00000000
-0.50155780 -0.86442350 -0.03481442 0.00000000
0.14125220 0.85444590 -0.31212000 1.00000000

0.42592690 -0.88893880 0.16844640 0.00000000
0.40711640 0.02203925 -0.91311040 0.00000000
0.80798680 0.45749550 0.37128850 0.00000000
-0.08021575 0.81581250 -0.02633819 1.00000000

-0.47635800 -0.35975160 -0.80228570 0.00000000
0.77112660 0.26744990 -0.57778410 0.00000000
0.42242990 -0.89389570 0.15001220 0.00000000
-0.20007070 0.80932450 0.24248110 1.00000000

-0.48461010 -0.36093370 -0.79679360 0.00000000
0.51963140 -0.85154350 0.06969449 0.00000000
-0.70365950 -0.38026430 0.60021900 0.00000000
-0.41135870 0.73604370 0.40079430 1.00000000

0.19628240 -0.10350250 -0.97506960 0.00000000
0.09348255 -0.98790880 0.12368360 0.00000000
-0.97608130 -0.11542880 -0.18423340 0.00000000
-0.49709870 0.87654850 0.38929460 1.00000000

-0.08033657 0.28620550 0.95479470 0.00000000
-0.99508040 -0.07874516 -0.06012192 0.00000000
0.05797831 -0.95492720 0.29112360 0.00000000
-0.45647970 1.11711300 0.29151700 1.00000000

0.11075630 -0.87734900 0.46689640 0.00000000
-0.25429800 0.42913010 0.86670640 0.00000000
-0.96076320 -0.21472400 -0.17557910 0.00000000
-0.54435970 0.98324000 0.34330220 1.00000000

-0.05642268 -0.32120810 0.94532640 0.00000000
-0.40803990 0.87156910 0.27179210 0.00000000
-0.91121920 -0.37039550 -0.18024190 0.00000000
-0.53645910 0.96990790 0.31637550 1.00000000

0.14275370 -0.97631280 0.16258890 0.00000000
-0.11131330 0.14739240 0.98279460 0.00000000
-0.98347930 -0.15839580 -0.08763576 0.00000000
-0.51763090 0.98743180 0.34849160 1.00000000

-0.00625819 -0.13779510 0.99044120 0.00000000
-0.31237170 0.94116540 0.12896570 0.00000000
-0.94993950 -0.30857860 -0.04893303 0.00000000
-0.51322620 0.98159960 0.30960150 1.00000000

0.05263126 -0.99843100 -0.01912642 0.00000000
-0.04910204 -0.02171735 0.99855780 0.00000000
-0.99740640 -0.05161615 -0.05016780 0.00000000
-0.49068600 0.99143950 0.35328660 1.00000000

0.11771860 -0.23845110 0.96399370 0.00000000
-0.23222490 0.93721690 0.26018580 0.00000000
-0.96551260 -0.25449190 0.05495366 0.00000000
-0.48879810 0.99227450 0.31489540 1.00000000

-0.07060418 -0.14014470 -0.98761070 0.00000000
0.11467710 -0.98465730 0.13152740 0.00000000
-0.99089090 -0.10396990 0.08559230 0.00000000
-0.45112880 0.99166350 0.35646830 1.00000000

-0.02569696 -0.47792120 -0.87802700 0.00000000
0.13219470 -0.87222800 0.47089610 0.00000000
-0.99089090 -0.10396990 0.08559230 0.00000000
-0.45550970 1.02928000 0.35144390 1.00000000

-0.92917930 0.33663360 -0.15265730 0.00000000
-0.17363520 -0.03292539 0.98425970 0.00000000
0.32630870 0.94106010 0.08904496 0.00000000
-0.43454180 0.90079530 0.35996480 1.00000000

-0.49382750 0.16468640 0.85382280 0.00000000
0.34116880 -0.86647600 0.36444960 0.00000000
0.79983670 0.47127290 0.37170360 0.00000000
-0.42880410 0.90188410 0.32744320 1.00000000

-0.17877160 -0.18813110 -0.96573680 0.00000000
0.51963140 -0.85154350 0.06969449 0.00000000
-0.83547860 -0.48936780 0.24999070 0.00000000
-0.46072430 0.81694070 0.39417350 1.00000000

0.98979260 0.03702038 -0.13762370 0.00000000
-0.12329180 0.70679470 -0.69659200 0.00000000
0.07148361 0.70644940 0.70414440 0.00000000
-0.21609640 0.83578350 0.23130610 1.00000000

0.94575080 0.09996003 0.30913380 0.00000000
0.29178450 -0.67979830 -0.67285710 0.00000000
0.14288960 0.72655540 -0.67208650 0.00000000
0.09467987 0.36653770 -0.14500030 1.00000000

0.94575080 0.09996003 0.30913380 0.00000000
-0.11812510 -0.78058080 0.61379220 0.00000000
0.30265840 -0.61701080 -0.72642710 0.00000000
0.15887250 0.21698210 -0.29302880 1.00000000

0.96589130 -0.00039988 0.25894790 0.00000000
-0.00034807 -1.00000000 -0.00024546 0.00000000
0.25894790 0.00014696 -0.96589170 0.00000000
0.13897490 0.07245222 -0.18542060 1.00000000

0.96589130 -0.00039988 0.25894790 0.00000000
-0.00034807 -1.00000000 -0.00024546 0.00000000
0.25894790 0.00014696 -0.96589170 0.00000000
0.16057130 0.02696210 -0.25639230 1.00000000

-0.29955020 -0.44693030 -0.84292540 0.00000000
0.52857640 0.65777420 -0.53660070 0.00000000
0.79427760 -0.60628920 0.03920034 0.00000000
-0.07959085 0.37953550 0.09488790 1.00000000

