MeshAnim
1
35
79
30
0.74514990 -0.01128481 -0.66680160 0.00000000
-0.09460116 0.98795740 -0.12243670 0.00000000
0.66015330 0.15431390 0.73510880 0.00000000
0.01237277 0.87907830 0.01275961 1.00000000

0.97237280 0.19761930 0.12424900 0.00000000
0.22566340 -0.93197290 -0.28372940 0.00000000
0.05972621 0.30392920 -0.95082060 0.00000000
0.11051170 0.84605120 -0.07575748 1.00000000

0.97237280 0.19761930 0.12424900 0.00000000
0.16837430 -0.96242430 0.21304840 0.00000000
0.16168260 -0.18624220 -0.96910920 0.00000000
0.20988360 0.43565290 -0.20069900 1.00000000

0.99132820 0.06231827 -0.11569320 0.00000000
0.06203505 -0.99805570 -0.00605073 0.00000000
-0.11584530 -0.00117876 -0.99326660 0.00000000
0.26358850 0.12867640 -0.13274460 1.00000000

0.99116870 0.06228927 -0.11706690 0.00000000
0.06660183 -0.99722420 0.03329109 0.00000000
-0.11466850 -0.04079394 -0.99256600 0.00000000
0.25417890 0.02452719 -0.26947170 1.00000000

0.54133100 -0.27185060 -0.79564940 0.00000000
0.22635170 0.95847240 -0.17348110 0.00000000
0.80976890 -0.08618589 0.58038470 0.00000000
-0.08698896 0.84904170 0.10097710 1.00000000

0.54133010 -0.27185440 -0.79564870 0.00000000
-0.05904131 0.93166210 -0.35849660 0.00000000
0.83873470 0.24104110 0.48828610 0.00000000
-0.18666370 0.42697500 0.17737020 1.00000000

0.44429870 -0.10249550 -0.88999620 0.00000000
0.05992606 0.99460910 -0.08462720 0.00000000
0.89387230 -0.01573418 0.44804560 0.00000000
-0.16783200 0.12981010 0.29171720 1.00000000

0.43528000 -0.10270190 -0.89441810 0.00000000
-0.03788710 0.99050220 -0.13217310 0.00000000
0.89949760 0.09141925 0.42725480 0.00000000
-0.29655320 0.02833742 0.23914330 1.00000000

0.71430720 -0.02373819 -0.69942960 0.00000000
0.02733584 0.99960830 -0.00600876 0.00000000
0.69929830 -0.01482739 0.71467630 0.00000000
-0.00168089 1.01359500 -0.00522800 1.00000000

0.72328290 -0.06754136 -0.68724090 0.00000000
0.01996863 0.99683480 -0.07695208 0.00000000
0.69026310 0.04193489 0.72234220 0.00000000
0.00145057 1.18588300 -0.00784021 1.00000000

0.69231720 -0.21414840 -0.68908450 0.00000000
-0.23627540 0.83503060 -0.49688830 0.00000000
0.68181440 0.50681810 0.52750800 0.00000000
0.01272546 1.37335900 -0.01439883 1.00000000

0.07558837 0.99312050 -0.08943351 0.00000000
0.76080880 -0.11541740 -0.63863070 0.00000000
-0.64455940 -0.01976878 -0.76429880 0.00000000
0.04018076 1.44508800 -0.10095770 1.00000000

0.93133750 0.32020690 0.17343130 0.00000000
0.30007360 -0.40499180 -0.86367700 0.00000000
-0.20631730 0.85641680 -0.47326950 0.00000000
0.21052540 1.41924600 -0.24394670 1.00000000

0.93102710 0.32143630 0.17282240 0.00000000
-0.18747370 0.82753290 -0.52919120 0.00000000
-0.31311720 0.46029170 0.83071630 0.00000000
0.30023690 1.29816900 -0.50215440 1.00000000

0.89974890 0.43628270 -0.01045805 0.00000000
-0.40152310 0.81819960 -0.41149600 0.00000000
-0.17097170 0.37444230 0.91135170 0.00000000
0.25314840 1.50602300 -0.63507360 1.00000000

-0.81635620 -0.57173350 0.08175468 0.00000000
-0.17097170 0.37444240 0.91135170 0.00000000
-0.55166280 0.73000970 -0.40342840 0.00000000
0.14778570 1.59706200 -0.64286710 1.00000000

-0.36743290 0.90039500 -0.23298560 0.00000000
-0.91772130 -0.39165570 -0.06628716 0.00000000
-0.15093480 0.18945980 0.97021850 0.00000000
0.18262020 1.64095600 -0.62813330 1.00000000

-0.64623230 -0.76138950 0.05167133 0.00000000
0.74790470 -0.61841470 0.24125180 0.00000000
-0.15173210 0.19455000 0.96908630 0.00000000
0.13217650 1.61942900 -0.63177690 1.00000000

-0.44182050 0.79754380 -0.41075400 0.00000000
-0.88099170 -0.47212040 0.03092703 0.00000000
-0.16925960 0.37553510 0.91122160 0.00000000
0.19109360 1.62639300 -0.66964470 1.00000000

-0.52533420 -0.81539340 0.24322400 0.00000000
0.83399150 -0.43671900 0.33724660 0.00000000
-0.16876800 0.38001390 0.90945430 0.00000000
0.14135880 1.59877000 -0.66745860 1.00000000

-0.63732760 0.56333420 -0.52580330 0.00000000
-0.72266810 -0.67381200 0.15404040 0.00000000
-0.26751620 0.47815540 0.83654230 0.00000000
0.19450250 1.60792900 -0.70828250 1.00000000

-0.49383230 -0.81353030 0.30708040 0.00000000
0.82738470 -0.33096250 0.45376110 0.00000000
-0.26751610 0.47815540 0.83654240 0.00000000
0.15543140 1.57150000 -0.69995450 1.00000000

-0.77357970 0.37568400 -0.51032980 0.00000000
-0.59033380 -0.72001490 0.36480770 0.00000000
-0.23039250 0.58347280 0.77876770 0.00000000
0.19697490 1.59107000 -0.73960270 1.00000000

-0.13125040 -0.80821750 0.57407150 0.00000000
0.96344550 0.03243304 0.26593510 0.00000000
-0.23355220 0.58799070 0.77441660 0.00000000
0.16823940 1.55498900 -0.72103800 1.00000000

0.15311380 0.58247720 0.79829630 0.00000000
-0.89342330 0.42682010 -0.14007030 0.00000000
-0.42231660 -0.69176950 0.58575060 0.00000000
0.18614930 1.57423700 -0.58555290 1.00000000

-0.89693660 0.43268050 0.09106418 0.00000000
-0.28504610 -0.40838680 -0.86716160 0.00000000
-0.33801440 -0.80374620 0.48963080 0.00000000
0.13321850 1.60066100 -0.59250820 1.00000000

0.94904150 0.29153950 0.11968910 0.00000000
-0.18747370 0.82753290 -0.52919120 0.00000000
-0.25332670 0.47978580 0.84001870 0.00000000
0.27874540 1.39303500 -0.56281990 1.00000000

0.00727995 0.90984170 -0.41489240 0.00000000
0.29824950 -0.39799480 -0.86755270 0.00000000
-0.95446050 -0.11742560 -0.27425720 0.00000000
0.21052540 1.41924600 -0.24394680 1.00000000

0.44071990 0.86183660 -0.25100600 0.00000000
0.30007360 -0.40499180 -0.86367700 0.00000000
-0.84600370 0.30531930 -0.43710230 0.00000000
0.26753930 1.34229800 -0.40804530 1.00000000

0.43436120 0.64363920 -0.63012620 0.00000000
0.50447740 -0.75338700 -0.42179490 0.00000000
-0.74621260 -0.13467310 -0.65194340 0.00000000
0.22919480 1.46925200 -0.27312710 1.00000000

0.96642990 0.05501097 -0.25097200 0.00000000
-0.21463930 0.70975890 -0.67094870 0.00000000
0.14122010 0.70229350 0.69773970 0.00000000
-0.03091084 1.52349200 -0.10489720 1.00000000

0.99661490 0.04052965 -0.07152626 0.00000000
-0.05424114 0.97796110 -0.20161910 0.00000000
0.06177834 0.20481620 0.97684880 0.00000000
-0.05693342 1.60954300 -0.18624210 1.00000000

0.99661490 0.04052965 -0.07152626 0.00000000
-0.05424114 0.97796110 -0.20161910 0.00000000
0.06177834 0.20481620 0.97684880 0.00000000
-0.06726661 1.63879300 -0.31364540 1.00000000

0.96142790 -0.27503970 -0.00313547 0.00000000
-0.25697120 -0.90221680 0.34636860 0.00000000
-0.09809390 -0.33220260 -0.93809370 0.00000000
-0.01341351 1.63625800 -0.29327730 1.00000000

0.95074220 0.28579250 -0.12004950 0.00000000
-0.30865090 0.90864460 -0.28124690 0.00000000
0.02870414 0.30444680 0.95209690 0.00000000
-0.11838920 1.63002200 -0.28439400 1.00000000

0.99661490 0.04052963 -0.07152632 0.00000000
0.05424114 -0.97796110 0.20161910 0.00000000
-0.06177840 -0.20481620 -0.97684880 0.00000000
-0.02874994 1.65492500 -0.28722370 1.00000000

0.99661490 0.04052965 -0.07152626 0.00000000
-0.05424114 0.97796110 -0.20161910 0.00000000
0.06177834 0.20481620 0.97684880 0.00000000
-0.10279880 1.65191300 -0.28190900 1.00000000

0.96803010 0.18191320 -0.17270030 0.00000000
0.21362250 -0.95875170 0.18751190 0.00000000
-0.13146600 -0.21840970 -0.96696120 0.00000000
-0.05084745 1.65312100 -0.32438430 1.00000000

0.98332580 0.15522840 -0.09473479 0.00000000
-0.17103800 0.96641310 -0.19181140 0.00000000
0.06177834 0.20481620 0.97684880 0.00000000
-0.08275761 1.65338600 -0.32350200 1.00000000

0.99507450 0.04958724 0.08583638 0.00000000
0.05034832 -0.99870920 -0.00672169 0.00000000
0.08539239 0.01101037 -0.99628690 0.00000000
-0.00086109 1.67472200 -0.31208830 1.00000000

0.98502640 0.03443260 -0.16893020 0.00000000
-0.04711225 0.99631790 -0.07163280 0.00000000
0.16584170 0.07851878 0.98302160 0.00000000
-0.13561820 1.67026700 -0.30371110 1.00000000

0.98412130 0.15067020 -0.09382924 0.00000000
0.16653170 -0.96669360 0.19434680 0.00000000
-0.06142193 -0.20688620 -0.97643510 0.00000000
-0.02876930 1.65514900 -0.28736650 1.00000000

0.99636750 -0.07012899 -0.04830876 0.00000000
0.05607834 0.96725550 -0.24753200 0.00000000
0.06408602 0.24392380 0.96767470 0.00000000
-0.10280080 1.65190600 -0.28193990 1.00000000

0.99373650 0.10380950 -0.04136693 0.00000000
-0.10954940 0.97804900 -0.17725490 0.00000000
0.02205843 0.18067630 0.98329530 0.00000000
-0.06013832 1.61807100 -0.22606540 1.00000000

0.94193670 0.33572860 -0.00641373 0.00000000
0.33576100 -0.94143360 0.03110377 0.00000000
0.00440425 -0.03145122 -0.99949560 0.00000000
-0.03518268 1.57318800 -0.32141310 1.00000000

0.99349880 0.10591070 -0.04174790 0.00000000
-0.10811850 0.99262960 -0.05474522 0.00000000
0.03564197 0.05890307 0.99762730 0.00000000
-0.06206201 1.58750700 -0.32829280 1.00000000

0.98073010 -0.13655070 -0.13972300 0.00000000
0.13052480 0.99010850 -0.05146204 0.00000000
0.14536820 0.03223298 0.98885230 0.00000000
-0.08908810 1.56923400 -0.31625480 1.00000000

0.99822420 -0.05749381 -0.01558664 0.00000000
-0.05073011 -0.95763940 0.28346670 0.00000000
-0.03122395 -0.28217260 -0.95885550 0.00000000
-0.01002353 1.57916500 -0.29294460 1.00000000

0.96041320 0.24649330 -0.12979810 0.00000000
-0.27266800 0.92723760 -0.25667620 0.00000000
0.05708483 0.28190700 0.95774210 0.00000000
-0.11839840 1.56996800 -0.28236320 1.00000000

0.99733570 0.07191282 0.01224035 0.00000000
0.06156974 -0.91983690 0.38743940 0.00000000
0.03912097 -0.38565350 -0.92181410 0.00000000
-0.03793582 1.59561900 -0.31380070 1.00000000

0.99455670 0.06966504 -0.07748243 0.00000000
-0.09411971 0.91968140 -0.38121890 0.00000000
0.04470149 0.38643660 0.92123200 0.00000000
-0.06430206 1.59691600 -0.31758710 1.00000000

0.98149600 0.09183577 -0.16802340 0.00000000
-0.15520920 0.89545460 -0.41721840 0.00000000
0.11214180 0.43557700 0.89313880 0.00000000
-0.09134788 1.59402800 -0.30887470 1.00000000

0.99659260 0.04093030 -0.07160890 0.00000000
0.06227650 -0.94265470 0.32790820 0.00000000
-0.05408102 -0.33125040 -0.94199190 0.00000000
-0.04748711 1.62185300 -0.31353000 1.00000000

0.99659260 0.04093030 -0.07160890 0.00000000
-0.06227649 0.94265470 -0.32790810 0.00000000
0.05408102 0.33125030 0.94199180 0.00000000
-0.06723340 1.61308000 -0.32775520 1.00000000

0.99659260 0.04093030 -0.07160890 0.00000000
-0.06227649 0.94265470 -0.32790810 0.00000000
0.05408102 0.33125030 0.94199180 0.00000000
-0.08544723 1.62010000 -0.31076200 1.00000000

0.99661490 0.04052965 -0.07152626 0.00000000
-0.05421554 0.97804560 -0.20121460 0.00000000
0.06180093 0.20441130 0.97693240 0.00000000
-0.06434551 1.70262000 -0.23677460 1.00000000

-0.05614973 -0.98468010 -0.16508230 0.00000000
0.84064970 0.04257849 -0.53990300 0.00000000
0.53866060 -0.16909180 0.82538020 0.00000000
-0.03559540 1.46884400 -0.03573363 1.00000000

0.67593190 -0.55768380 -0.48177280 0.00000000
0.73307180 0.44169680 0.51721360 0.00000000
-0.07564420 -0.70277510 0.70737910 0.00000000
-0.22381350 1.45932000 0.08514978 1.00000000

0.67580770 -0.55870520 -0.48076270 0.00000000
-0.19336210 -0.76379530 0.61581480 0.00000000
-0.71126320 -0.32321110 -0.62421110 0.00000000
-0.44297730 1.32726600 -0.06948209 1.00000000

0.77005340 -0.50995390 -0.38336030 0.00000000
-0.25396000 -0.79625730 0.54907050 0.00000000
-0.58525400 -0.32545540 -0.74266860 0.00000000
-0.39441080 1.51911100 -0.22415870 1.00000000

-0.71425500 0.64047520 0.28219100 0.00000000
-0.58525400 -0.32545540 -0.74266860 0.00000000
-0.38382020 -0.69560800 0.60729870 0.00000000
-0.29524630 1.60126000 -0.27771190 1.00000000

-0.29213570 -0.86867490 0.40007620 0.00000000
-0.77582000 0.45986970 0.43199940 0.00000000
-0.55924970 -0.18418460 -0.80827950 0.00000000
-0.31598850 1.64734400 -0.24936920 1.00000000

-0.68929330 0.67594220 0.26072460 0.00000000
0.48404180 0.69744290 -0.52846690 0.00000000
-0.53905330 -0.23806700 -0.80792670 0.00000000
-0.27334420 1.62206700 -0.27311490 1.00000000

-0.17192900 -0.86597920 0.46959650 0.00000000
-0.82039110 0.38975750 0.41838690 0.00000000
-0.54534290 -0.31331990 -0.77745210 0.00000000
-0.34303360 1.63505900 -0.28290650 1.00000000

-0.60853860 0.79277940 0.03437680 0.00000000
0.60082530 0.48862770 -0.63265470 0.00000000
-0.51835300 -0.36434040 -0.77367080 0.00000000
-0.29647730 1.61205700 -0.30624570 1.00000000

-0.26426990 -0.63095780 0.72942020 0.00000000
-0.69863240 0.64663390 0.30623140 0.00000000
-0.66488670 -0.42866870 -0.61169330 0.00000000
-0.36464540 1.61836200 -0.31606660 1.00000000

-0.57120220 0.81998600 -0.03675598 0.00000000
0.50801680 0.31800170 -0.80049620 0.00000000
-0.64470710 -0.47591790 -0.59820980 0.00000000
-0.32687350 1.58340200 -0.33262270 1.00000000

-0.33856800 -0.35827510 0.87006340 0.00000000
-0.60704850 0.78967060 0.08895004 0.00000000
-0.71893240 -0.49805500 -0.48484770 0.00000000
-0.38207630 1.60291900 -0.34306520 1.00000000

-0.36669800 0.82758960 -0.42500310 0.00000000
0.60238030 -0.13692900 -0.78637670 0.00000000
-0.70899260 -0.54437630 -0.44831230 0.00000000
-0.35214970 1.56338800 -0.34677830 1.00000000

-0.20777020 -0.54881070 -0.80971520 0.00000000
-0.86024730 -0.29151640 0.41832130 0.00000000
-0.46562460 0.78347000 -0.41154430 0.00000000
-0.30661200 1.57964700 -0.20929140 1.00000000

-0.82804600 -0.31078610 0.46663920 0.00000000
0.24607150 0.54640100 0.80055920 0.00000000
-0.50377460 0.77772620 -0.37596920 0.00000000
-0.25503050 1.59795600 -0.23279440 1.00000000

0.72780820 -0.53258120 -0.43203340 0.00000000
-0.19336210 -0.76379530 0.61581480 0.00000000
-0.65795640 -0.36465610 -0.65887740 0.00000000
-0.42080930 1.41482700 -0.14008190 1.00000000

0.42363370 -0.88166560 0.20784700 0.00000000
0.72580730 0.46767010 0.50446840 0.00000000
-0.54197650 -0.06285290 0.83804020 0.00000000
-0.22381360 1.45932000 0.08514974 1.00000000

0.49695730 -0.86702500 0.03607170 0.00000000
0.73307180 0.44169680 0.51721360 0.00000000
-0.46436980 -0.23058990 0.85509590 0.00000000
-0.36309580 1.37539700 -0.01312184 1.00000000

0.61450750 -0.72114030 -0.31990200 0.00000000
0.66646760 0.69151530 -0.27861730 0.00000000
0.42213920 -0.04199192 0.90555790 0.00000000
-0.27804380 1.52065400 0.11508680 1.00000000

0.99489180 -0.10094700 0.00000015 0.00000000
0.10094700 0.99489180 0.00000002 0.00000000
-0.00000009 0.00000000 1.00000000 0.00000000
-0.15097280 0.91820800 0.07701799 1.00000000

1.00000000 0.00000000 0.00000000 0.00000000
0.00000000 1.00000000 0.00000000 0.00000000
0.00000000 0.00000000 1.00000000 0.00000000
0.00000000 0.00000000 0.00000000 1.00000000

1.00000000 0.00000000 0.00000000 0.00000000
0.00000000 1.00000000 0.00000000 0.00000000
0.00000000 0.00000000 1.00000000 0.00000000
0.00000000 0.00000000 0.00000000 1.00000000

0.74720530 0.00085735 -0.66459280 0.00000000
-0.10278900 0.98811530 -0.11429150 0.00000000
0.65659640 0.15371200 0.73841310 0.00000000
0.00778673 0.87925310 0.01438530 1.00000000

0.97093800 0.20096790 0.12996690 0.00000000
0.22988160 -0.93419850 -0.27281440 0.00000000
0.06658795 0.29476280 -0.95324750 0.00000000
0.10647170 0.84783340 -0.07410997 1.00000000

0.97093800 0.20096790 0.12996690 0.00000000
0.17443220 -0.96603480 0.19065720 0.00000000
0.16386850 -0.16244590 -0.97301510 0.00000000
0.20770100 0.43645510 -0.19424490 1.00000000

0.99148620 0.06242618 -0.11427270 0.00000000
0.06226866 -0.99804720 -0.00495095 0.00000000
-0.11435860 -0.00220682 -0.99343710 0.00000000
0.26333820 0.12832690 -0.13343260 1.00000000

0.99150740 0.06083630 -0.11494410 0.00000000
0.06547216 -0.99716850 0.03699241 0.00000000
-0.11236810 -0.04420388 -0.99268300 0.00000000
0.25415660 0.02403784 -0.27006840 1.00000000

0.54522320 -0.26703960 -0.79462030 0.00000000
0.23151150 0.95900580 -0.16343290 0.00000000
0.80568860 -0.09485632 0.58469500 0.00000000
-0.09157381 0.84760560 0.10203920 1.00000000

0.54522220 -0.26704380 -0.79461960 0.00000000
-0.08002026 0.92699580 -0.36643610 0.00000000
0.83446370 0.26337480 0.48404980 0.00000000
-0.19352070 0.42530410 0.17400750 1.00000000

0.44474300 -0.10287210 -0.88973080 0.00000000
0.06002894 0.99457200 -0.08498775 0.00000000
0.89364430 -0.01561192 0.44850440 0.00000000
-0.16799750 0.12962750 0.29088700 1.00000000

0.43553630 -0.10375200 -0.89417210 0.00000000
-0.03861184 0.99026810 -0.13370930 0.00000000
0.89934270 0.09276085 0.42729170 0.00000000
-0.29669820 0.02814204 0.23828770 1.00000000

0.71687160 -0.01984103 -0.69692280 0.00000000
0.02206309 0.99974000 -0.00576745 0.00000000
0.69685600 -0.01124175 0.71712300 0.00000000
-0.00737779 1.01379300 -0.00249683 1.00000000

0.72828940 -0.06234982 -0.68242730 0.00000000
0.01253523 0.99689760 -0.07770367 0.00000000
0.68515510 0.04803637 0.72681150 0.00000000
-0.00514955 1.18609500 -0.00507299 1.00000000

0.70070800 -0.20731820 -0.68266200 0.00000000
-0.24131820 0.83157980 -0.50024060 0.00000000
0.67139700 0.51526130 0.53266500 0.00000000
0.00467504 1.37364900 -0.01172386 1.00000000

0.06748031 0.99355320 -0.09109614 0.00000000
0.76998750 -0.10992340 -0.62851920 0.00000000
-0.63448090 -0.02773028 -0.77244110 0.00000000
0.03207714 1.44555700 -0.09815091 1.00000000

0.92284380 0.33942670 0.18206830 0.00000000
0.31326390 -0.38637900 -0.86751220 0.00000000
-0.22410950 0.85761340 -0.46289740 0.00000000
0.20447680 1.42094500 -0.23887590 1.00000000

0.92250780 0.34065640 0.18147400 0.00000000
-0.20724140 0.83380200 -0.51168880 0.00000000
-0.32562330 0.43442810 0.83978680 0.00000000
0.29813190 1.30543300 -0.49823020 1.00000000

0.88959790 0.45672330 0.00440383 0.00000000
-0.41970660 0.82122460 -0.38657040 0.00000000
-0.18017230 0.34204400 0.92224940 0.00000000
0.24607820 1.51486200 -0.62675330 1.00000000

-0.80320180 -0.59238890 0.06279036 0.00000000
-0.18017230 0.34204400 0.92224940 0.00000000
-0.56780740 0.72943920 -0.38146220 0.00000000
0.13867780 1.60368100 -0.63188270 1.00000000

-0.38763760 0.89860250 -0.20555000 0.00000000
-0.90851970 -0.41015960 -0.07975763 0.00000000
-0.15597860 0.15582920 0.97539130 0.00000000
0.17249270 1.64787800 -0.61574480 1.00000000

-0.62878310 -0.77710820 0.02710512 0.00000000
0.76158850 -0.60844380 0.22311280 0.00000000
-0.15689080 0.16093270 0.97441580 0.00000000
0.12255490 1.62533300 -0.62012890 1.00000000

-0.45952420 0.79964570 -0.38652860 0.00000000
-0.87004640 -0.49274260 0.01497397 0.00000000
-0.17848530 0.34317880 0.92215600 0.00000000
0.18132850 1.63480400 -0.65767440 1.00000000

-0.50684010 -0.83426090 0.21707520 0.00000000
0.84344290 -0.42790110 0.32481600 0.00000000
-0.17809440 0.34772020 0.92052870 0.00000000
0.13223330 1.60600400 -0.65641910 1.00000000

-0.64956030 0.56473240 -0.50906680 0.00000000
-0.70727310 -0.69450340 0.13202170 0.00000000
-0.27899180 0.44580520 0.85054190 0.00000000
0.18518720 1.61762900 -0.69686020 1.00000000

-0.47543960 -0.83366230 0.28100590 0.00000000
0.83433860 -0.32598310 0.44453840 0.00000000
-0.27899170 0.44580520 0.85054190 0.00000000
0.14694850 1.58008100 -0.68972250 1.00000000

-0.78152010 0.37364640 -0.49961470 0.00000000
-0.57408990 -0.74419660 0.34145590 0.00000000
-0.24422790 0.55367830 0.79611120 0.00000000
0.18806750 1.60180800 -0.72868350 1.00000000

-0.11328520 -0.82838990 0.54857740 0.00000000
0.96224610 0.04605489 0.26825710 0.00000000
-0.24748600 0.55825600 0.79189720 0.00000000
0.16014560 1.56452700 -0.71128790 1.00000000

0.13918610 0.56079010 0.81617520 0.00000000
-0.90279100 0.41055020 -0.12813000 0.00000000
-0.40693480 -0.71900140 0.56341910 0.00000000
0.17750510 1.57996900 -0.57524510 1.00000000

-0.90662080 0.40916450 0.10306960 0.00000000
-0.27499020 -0.38769150 -0.87981580 0.00000000
-0.32003020 -0.82600240 0.46400530 0.00000000
0.12399240 1.60538700 -0.58145840 1.00000000

0.94104000 0.31286530 0.12868230 0.00000000
-0.20724140 0.83380200 -0.51168880 0.00000000
-0.26738510 0.45485140 0.84947960 0.00000000
0.27437420 1.40101800 -0.55688920 1.00000000

-0.01207665 0.91520600 -0.40280560 0.00000000
0.31129440 -0.37937550 -0.87130380 0.00000000
-0.95023700 -0.13591350 -0.28031700 0.00000000
0.20447690 1.42094500 -0.23887600 1.00000000

0.42163130 0.87510950 -0.23750900 0.00000000
0.31326390 -0.38637900 -0.86751220 0.00000000
-0.85093650 0.29136730 -0.43704970 0.00000000
0.26399700 1.34753300 -0.40370320 1.00000000

0.43640440 0.64606880 -0.62621590 0.00000000
0.51684440 -0.74970800 -0.41329170 0.00000000
-0.73649390 -0.14329390 -0.66109280 0.00000000
0.22172560 1.47083100 -0.26642140 1.00000000

0.96835390 0.06915662 -0.23980840 0.00000000
-0.21742380 0.70553130 -0.67450160 0.00000000
0.12254590 0.70529630 0.69824030 0.00000000
-0.03985766 1.52314800 -0.10283500 1.00000000

0.99642480 0.05677868 -0.06255910 0.00000000
-0.06829558 0.97723790 -0.20085210 0.00000000
0.04973093 0.20440670 0.97762220 0.00000000
-0.06621787 1.60868500 -0.18461080 1.00000000

0.99642480 0.05677868 -0.06255910 0.00000000
-0.06829558 0.97723790 -0.20085210 0.00000000
0.04973093 0.20440670 0.97762220 0.00000000
-0.07588711 1.63794500 -0.31206400 1.00000000

0.96575210 -0.25941600 0.00511298 0.00000000
-0.24538340 -0.90675290 0.34290880 0.00000000
-0.08431980 -0.33241960 -0.93935510 0.00000000
-0.02218383 1.63625400 -0.29121830 1.00000000

0.94701470 0.30133430 -0.11117860 0.00000000
-0.32082700 0.90392010 -0.28284010 0.00000000
0.01526713 0.30352290 0.95270190 0.00000000
-0.12711960 1.62830500 -0.28328210 1.00000000

0.99642470 0.05677863 -0.06255919 0.00000000
0.06829558 -0.97723790 0.20085210 0.00000000
-0.04973093 -0.20440660 -0.97762190 0.00000000
-0.03787442 1.65466100 -0.28527840 1.00000000

0.99642480 0.05677868 -0.06255910 0.00000000
-0.06829558 0.97723790 -0.20085210 0.00000000
0.04973093 0.20440670 0.97762220 0.00000000
-0.11190920 1.65044200 -0.28063010 1.00000000

0.96645430 0.19782350 -0.16380480 0.00000000
0.22746390 -0.95542800 0.18819520 0.00000000
-0.11927430 -0.21914180 -0.96837510 0.00000000
-0.05960736 1.65255200 -0.32263740 1.00000000

0.98148450 0.17127980 -0.08573949 0.00000000
-0.18497260 0.96378480 -0.19210400 0.00000000
0.04973093 0.20440670 0.97762220 0.00000000
-0.09152425 1.65229900 -0.32204020 1.00000000

0.99333370 0.06558724 0.09479502 0.00000000
0.06659861 -0.99775150 -0.00754136 0.00000000
0.09408733 0.01380418 -0.99546840 0.00000000
-0.01008963 1.67494300 -0.30986750 1.00000000

0.98580610 0.05063261 -0.16007020 0.00000000
-0.06262532 0.99552380 -0.07078392 0.00000000
0.15576980 0.07980373 0.98456430 0.00000000
-0.14482610 1.66829300 -0.30270140 1.00000000

0.98234570 0.16673370 -0.08483294 0.00000000
0.18044900 -0.96414180 0.19459870 0.00000000
-0.04934463 -0.20647120 -0.97720750 0.00000000
-0.03789608 1.65488500 -0.28542110 1.00000000

0.99776510 -0.05390225 -0.03948554 0.00000000
0.04258820 0.96838710 -0.24579020 0.00000000
0.05148587 0.24355940 0.96851840 0.00000000
-0.11191070 1.65043500 -0.28066090 1.00000000

0.99225150 0.11996070 -0.03234628 0.00000000
-0.12381320 0.97639510 -0.17698340 0.00000000
0.01035169 0.17961700 0.98368220 0.00000000
-0.06920528 1.61721700 -0.22445020 1.00000000

0.93638720 0.35096010 0.00243729 0.00000000
0.35069590 -0.93591100 0.03290786 0.00000000
0.01383039 -0.02995977 -0.99945550 0.00000000
-0.04267529 1.57287900 -0.31962790 1.00000000

0.99198320 0.12205840 -0.03272656 0.00000000
-0.12371200 0.99082330 -0.05444741 0.00000000
0.02578035 0.05805972 0.99798020 0.00000000
-0.06972083 1.58677100 -0.32672950 1.00000000

0.98402320 -0.12043910 -0.13112040 0.00000000
0.11490210 0.99216590 -0.04903328 0.00000000
0.13599870 0.03318404 0.99015300 0.00000000
-0.09655339 1.56804500 -0.31495700 1.00000000

0.99912460 -0.04128500 -0.00673187 0.00000000
-0.03771743 -0.95873660 0.28178350 0.00000000
-0.01808742 -0.28128300 -0.95945440 0.00000000
-0.01787142 1.57922300 -0.29092790 1.00000000

0.95740850 0.26221070 -0.12089050 0.00000000
-0.28537100 0.92305900 -0.25792480 0.00000000
0.04395822 0.28143810 0.95857190 0.00000000
-0.12617280 1.56825600 -0.28132790 1.00000000

0.99588920 0.08805078 0.02125058 0.00000000
0.07302243 -0.91926610 0.38680420 0.00000000
0.05359313 -0.38366250 -0.92191700 0.00000000
-0.04585972 1.59525200 -0.31201190 1.00000000

0.99394760 0.08588529 -0.06849635 0.00000000
-0.10561980 0.91857400 -0.38087540 0.00000000
0.03020728 0.38580490 0.92208580 0.00000000
-0.07220871 1.59612700 -0.31603230 1.00000000

0.98133720 0.10796960 -0.15912220 0.00000000
-0.16598470 0.89341160 -0.41745060 0.00000000
0.09708956 0.43607170 0.89465900 0.00000000
-0.09928074 1.59278800 -0.30756590 1.00000000

0.99639680 0.05717903 -0.06264123 0.00000000
0.07463022 -0.94198510 0.32725280 0.00000000
-0.04029515 -0.33074870 -0.94285810 0.00000000
-0.05583727 1.62132700 -0.31179340 1.00000000

0.99639680 0.05717903 -0.06264123 0.00000000
-0.07463019 0.94198510 -0.32725270 0.00000000
0.04029524 0.33074860 0.94285820 0.00000000
-0.07531101 1.61225500 -0.32620560 1.00000000

0.99639680 0.05717903 -0.06264123 0.00000000
-0.07463019 0.94198510 -0.32725270 0.00000000
0.04029524 0.33074860 0.94285820 0.00000000
-0.09378713 1.61895500 -0.30936720 1.00000000

0.99642480 0.05677868 -0.06255910 0.00000000
-0.06827500 0.97732250 -0.20044730 0.00000000
0.04975921 0.20400210 0.97770510 0.00000000
-0.07468757 1.70170200 -0.23508900 1.00000000

-0.04281371 -0.98504840 -0.16687400 0.00000000
0.84332670 0.05392598 -0.53468890 0.00000000
0.53569330 -0.16362140 0.82840870 0.00000000
-0.04453154 1.46855100 -0.03362989 1.00000000

0.68165490 -0.54985820 -0.48270370 0.00000000
0.72758160 0.43972500 0.52656160 0.00000000
-0.07727742 -0.71013940 0.69980730 0.00000000
-0.23334910 1.45648600 0.08608614 1.00000000

0.68152840 -0.55089020 -0.48170460 0.00000000
-0.18249030 -0.76539960 0.61713920 0.00000000
-0.70867240 -0.33269160 -0.62217350 0.00000000
-0.45087150 1.32502200 -0.07134046 1.00000000

0.77619500 -0.49812510 -0.38651380 0.00000000
-0.24172950 -0.80130210 0.54724970 0.00000000
-0.58231290 -0.33134070 -0.74237810 0.00000000
-0.40503580 1.51727000 -0.22634980 1.00000000

-0.72242720 0.62970220 0.28561280 0.00000000
-0.58231300 -0.33134070 -0.74237820 0.00000000
-0.37284190 -0.70263000 0.60605290 0.00000000
-0.30713340 1.60094000 -0.27987100 1.00000000

-0.27922420 -0.87380340 0.39812320 0.00000000
-0.78116290 0.44782330 0.43501650 0.00000000
-0.55840750 -0.18953180 -0.80762540 0.00000000
-0.32844920 1.64664900 -0.25134750 1.00000000

-0.69800510 0.66557380 0.26419820 0.00000000
0.47319980 0.70561980 -0.52743040 0.00000000
-0.53746720 -0.24313060 -0.80747550 0.00000000
-0.28551120 1.62203400 -0.27525900 1.00000000

-0.15891530 -0.86964860 0.46739410 0.00000000
-0.82478970 0.37714160 0.42129150 0.00000000
-0.54264920 -0.31855220 -0.77721070 0.00000000
-0.35539470 1.63408900 -0.28486320 1.00000000

-0.61936660 0.78418050 0.03802577 0.00000000
0.59263270 0.49874690 -0.63248580 0.00000000
-0.51494820 -0.36920540 -0.77363800 0.00000000
-0.30857570 1.61180300 -0.30837000 1.00000000

-0.25393130 -0.63669070 0.72810980 0.00000000
-0.70683900 0.63600570 0.30963800 0.00000000
-0.66022560 -0.43602960 -0.61153940 0.00000000
-0.37684570 1.61719200 -0.31802640 1.00000000

-0.58256490 0.81210980 -0.03310561 0.00000000
0.50182710 0.32734660 -0.80063360 0.00000000
-0.63936530 -0.48303440 -0.59823930 0.00000000
-0.33863020 1.58280700 -0.33476680 1.00000000

-0.33168680 -0.36547580 0.86971910 0.00000000
-0.61771500 0.78093260 0.09258634 0.00000000
-0.71303040 -0.50652900 -0.48478500 0.00000000
-0.39412010 1.60158900 -0.34503340 1.00000000

-0.37903110 0.82368080 -0.42176450 0.00000000
0.60250290 -0.12627460 -0.78806380 0.00000000
-0.70237150 -0.55281520 -0.44840820 0.00000000
-0.36365800 1.56248600 -0.34892750 1.00000000

-0.20192350 -0.54925460 -0.81089250 0.00000000
-0.85522150 -0.30461550 0.41929210 0.00000000
-0.47730850 0.77815760 -0.40822520 0.00000000
-0.31805030 1.57897100 -0.21149070 1.00000000

-0.82265160 -0.32357960 0.46748380 0.00000000
0.24023450 0.54740200 0.80164750 0.00000000
-0.51529820 0.77178230 -0.37258600 0.00000000
-0.26677810 1.59806100 -0.23504940 1.00000000

0.73361460 -0.52389910 -0.43282720 0.00000000
-0.18249030 -0.76539960 0.61713920 0.00000000
-0.65460450 -0.37375560 -0.65711490 0.00000000
-0.42994990 1.41276700 -0.14209220 1.00000000

0.41797520 -0.88286990 0.21409700 0.00000000
0.72057120 0.46571190 0.51370220 0.00000000
-0.55323960 -0.06044279 0.83082670 0.00000000
-0.23334920 1.45648600 0.08608608 1.00000000

0.49685810 -0.86702140 0.03750020 0.00000000
0.72758160 0.43972500 0.52656160 0.00000000
-0.47302990 -0.23434190 0.84930970 0.00000000
-0.37158830 1.37293800 -0.01396163 1.00000000

0.62542400 -0.71290150 -0.31720110 0.00000000
0.65944650 0.70022770 -0.27351690 0.00000000
0.41710350 -0.03811323 0.90805950 0.00000000
-0.28784210 1.51686800 0.11545870 1.00000000

0.99444930 -0.10521630 0.00037658 0.00000000
0.10521640 0.99444940 -0.00018338 0.00000000
-0.00035521 0.00022196 1.00000000 0.00000000
-0.15608250 0.91641930 0.07847561 1.00000000

1.00000000 0.00000000 0.00000000 0.00000000
0.00000000 1.00000000 0.00000000 0.00000000
0.00000000 0.00000000 1.00000000 0.00000000
0.00000000 0.00000000 0.00000000 1.00000000

1.00000000 0.00000000 0.00000000 0.00000000
0.00000000 1.00000000 0.00000000 0.00000000
0.00000000 0.00000000 1.00000000 0.00000000
0.00000000 0.00000000 0.00000000 1.00000000

0.74882120 0.01213341 -0.66266100 0.00000000
-0.11031990 0.98816610 -0.10657040 0.00000000
0.65352610 0.15290690 0.74129830 0.00000000
0.00329305 0.87966970 0.01867120 1.00000000

0.96945230 0.20320790 0.13736360 0.00000000
0.23335090 -0.93662860 -0.26129450 0.00000000
0.07556140 0.28536650 -0.95543530 0.00000000
0.10244270 0.84974710 -0.06982351 1.00000000

0.96945230 0.20320790 0.13736360 0.00000000
0.18014030 -0.96995110 0.16353910 0.00000000
0.16646820 -0.13379870 -0.97692710 0.00000000
0.20519980 0.43729880 -0.18488560 1.00000000

0.99183500 0.06247301 -0.11117730 0.00000000
0.06256224 -0.99803780 -0.00269003 0.00000000
-0.11112730 -0.00428748 -0.99379710 0.00000000
0.26265760 0.12792140 -0.13272290 1.00000000

0.99218610 0.05864499 -0.11012510 0.00000000
0.06386930 -0.99696490 0.04452351 0.00000000
-0.10717990 -0.05120931 -0.99292020 0.00000000
0.25394940 0.02334815 -0.26917250 1.00000000

0.55099610 -0.26077700 -0.79271600 0.00000000
0.23706270 0.95969830 -0.15093240 0.00000000
0.80012790 -0.10476020 0.59061040 0.00000000
-0.09603110 0.84653070 0.10581360 1.00000000

0.55099490 -0.26078160 -0.79271530 0.00000000
-0.09971295 0.92253950 -0.37279800 0.00000000
0.82853000 0.28445370 0.48231120 0.00000000
-0.20042250 0.42392420 0.17227730 1.00000000

0.44586530 -0.10385650 -0.88905440 0.00000000
0.06050257 0.99447110 -0.08582865 0.00000000
0.89305300 -0.01552207 0.44968380 0.00000000
-0.16861810 0.12966920 0.29118600 1.00000000

0.43654140 -0.10502210 -0.89353330 0.00000000
-0.03787415 0.99013780 -0.13488020 0.00000000
0.89888670 0.09272256 0.42825870 0.00000000
-0.29728710 0.02818179 0.23851270 1.00000000

0.71911480 -0.01788027 -0.69466110 0.00000000
0.01675347 0.99982440 -0.00839180 0.00000000
0.69468930 -0.00560332 0.71928820 0.00000000
-0.01289354 1.01421800 0.00283743 1.00000000

0.73266360 -0.06029547 -0.67791490 0.00000000
0.00609712 0.99660930 -0.08205146 0.00000000
0.68056370 0.05598279 0.73054710 0.00000000
-0.01157550 1.18652200 -0.00019586 1.00000000

0.70849570 -0.20499530 -0.67528560 0.00000000
-0.24440450 0.82639140 -0.50729050 0.00000000
0.66204240 0.52445600 0.53539320 0.00000000
-0.00300886 1.37410900 -0.00762169 1.00000000

0.06184974 0.99331670 -0.09745019 0.00000000
0.77852700 -0.10911050 -0.61805400 0.00000000
-0.62455620 -0.03764113 -0.78007240 0.00000000
0.02450054 1.44575000 -0.09423591 1.00000000

0.91454090 0.35876860 0.18681600 0.00000000
0.32135370 -0.36394290 -0.87422960 0.00000000
-0.24565590 0.85955260 -0.44813230 0.00000000
0.19881220 1.42132000 -0.23261780 1.00000000

0.91417410 0.35999950 0.18624280 0.00000000
-0.23132820 0.84071090 -0.48958390 0.00000000
-0.33282620 0.40448180 0.85183410 0.00000000
0.29488580 1.31251500 -0.49398030 1.00000000

0.87743630 0.47947310 0.01453829 0.00000000
-0.44400820 0.82325980 -0.35369530 0.00000000
-0.18155600 0.30389010 0.93524770 0.00000000
0.23678220 1.52368000 -0.61695120 1.00000000

-0.78700500 -0.61514630 0.04710108 0.00000000
-0.18155610 0.30389010 0.93524770 0.00000000
-0.58962800 0.72749300 -0.35084660 0.00000000
0.12707220 1.60977500 -0.61810810 1.00000000

-0.41250180 0.89490940 -0.17023460 0.00000000
-0.89816860 -0.43074890 -0.08802682 0.00000000
-0.15210410 0.11658820 0.98146400 0.00000000
0.15985630 1.65423800 -0.60062770 1.00000000

-0.60813890 -0.79382300 0.00353408 0.00000000
0.77891620 -0.59584810 0.19558830 0.00000000
-0.15315650 0.12169760 0.98067980 0.00000000
0.11048750 1.63056100 -0.60546620 1.00000000

-0.48325000 0.80065520 -0.35414850 0.00000000
-0.85679970 -0.51563850 0.00338760 0.00000000
-0.17990010 0.30507130 0.93518300 0.00000000
0.16869030 1.64291200 -0.64306360 1.00000000

-0.48322370 -0.85453220 0.19044530 0.00000000
0.85686900 -0.41698320 0.30315200 0.00000000
-0.17964040 0.30967690 0.93371800 0.00000000
0.12037190 1.61280700 -0.64249820 1.00000000

-0.66809980 0.56538020 -0.48372380 0.00000000
-0.68790020 -0.71712460 0.11191850 0.00000000
-0.28361360 0.40752630 0.86803570 0.00000000
0.17267810 1.62726100 -0.68286970 1.00000000

-0.45133490 -0.85540310 0.25413070 0.00000000
0.84608540 -0.31969990 0.42653480 0.00000000
-0.28361360 0.40752630 0.86803560 0.00000000
0.13548670 1.58849000 -0.67681900 1.00000000

-0.79496910 0.37067880 -0.48023090 0.00000000
-0.55178590 -0.77078490 0.31846980 0.00000000
-0.25210460 0.51815830 0.81728530 0.00000000
0.17571170 1.61267400 -0.71526280 1.00000000

-0.08729380 -0.85022510 0.51913130 0.00000000
0.96285640 0.06165274 0.26288200 0.00000000
-0.25551440 0.52279690 0.81326250 0.00000000
0.14890910 1.57407100 -0.69902490 1.00000000

0.13114460 0.53461090 0.83486080 0.00000000
-0.91415810 0.39103520 -0.10680220 0.00000000
-0.38355720 -0.74918820 0.54000080 0.00000000
0.16695800 1.58507400 -0.56264070 1.00000000

-0.91608600 0.38125630 0.12421840 0.00000000
-0.27190960 -0.36296640 -0.89124690 0.00000000
-0.29470610 -0.85023500 0.43617550 0.00000000
0.11275450 1.60928500 -0.56755170 1.00000000

0.93281660 0.33459000 0.13380130 0.00000000
-0.23132820 0.84071090 -0.48958390 0.00000000
-0.27629800 0.42574020 0.86162920 0.00000000
0.26836690 1.40889200 -0.55010530 1.00000000

-0.03500633 0.92129060 -0.38729620 0.00000000
0.31920830 -0.35692680 -0.87790050 0.00000000
-0.94703810 -0.15436020 -0.28158920 0.00000000
0.19881230 1.42132000 -0.23261780 1.00000000

0.39978990 0.88902960 -0.22314720 0.00000000
0.32135370 -0.36394290 -0.87422960 0.00000000
-0.85842900 0.27779880 -0.43119380 0.00000000
0.25986950 1.35217100 -0.39872140 1.00000000

0.43980200 0.64455970 -0.62539350 0.00000000
0.52707060 -0.74906740 -0.40136610 0.00000000
-0.72716620 -0.15310490 -0.66916980 0.00000000
0.21313370 1.47072500 -0.25703070 1.00000000

0.97024710 0.08080164 -0.22823570 0.00000000
-0.21845420 0.69860950 -0.68133870 0.00000000
0.10439430 0.71092600 0.69547540 0.00000000
-0.04808600 1.52265700 -0.10001020 1.00000000

0.99628570 0.06784996 -0.05302060 0.00000000
-0.07728343 0.97610710 -0.20308160 0.00000000
0.03797483 0.20642490 0.97772530 0.00000000
-0.07457110 1.60735600 -0.18261480 1.00000000

0.99628570 0.06784996 -0.05302060 0.00000000
-0.07728343 0.97610710 -0.20308160 0.00000000
0.03797483 0.20642490 0.97772530 0.00000000
-0.08333320 1.63631200 -0.31020280 1.00000000

0.96850070 -0.24856630 0.01486275 0.00000000
-0.23852510 -0.90892850 0.34198690 0.00000000
-0.07149735 -0.33475980 -0.93958750 0.00000000
-0.02981864 1.63525600 -0.28883640 1.00000000

0.94461410 0.31176280 -0.10251040 0.00000000
-0.32817290 0.89983950 -0.28738700 0.00000000
0.00264636 0.30511090 0.95231320 0.00000000
-0.13473070 1.62614200 -0.28190160 1.00000000

0.99628570 0.06784996 -0.05302060 0.00000000
0.07728343 -0.97610710 0.20308160 0.00000000
-0.03797489 -0.20642490 -0.97772530 0.00000000
-0.04577104 1.65349500 -0.28307810 1.00000000

0.99628570 0.06784996 -0.05302060 0.00000000
-0.07728343 0.97610710 -0.20308160 0.00000000
0.03797483 0.20642490 0.97772530 0.00000000
-0.11979550 1.64845300 -0.27913850 1.00000000

0.96571960 0.20839720 -0.15477910 0.00000000
0.23631270 -0.95253340 0.19192780 0.00000000
-0.10743490 -0.22192470 -0.96912700 0.00000000
-0.06711639 1.65108500 -0.32064190 1.00000000

0.98028960 0.18214130 -0.07652935 0.00000000
-0.19388180 0.96136010 -0.19543950 0.00000000
0.03797483 0.20642490 0.97772530 0.00000000
-0.09903271 1.65047600 -0.32035270 1.00000000

0.99157330 0.07686050 0.10428180 0.00000000
0.07783341 -0.99695240 -0.00528516 0.00000000
0.10355770 0.01335722 -0.99453400 0.00000000
-0.01797832 1.67404900 -0.30743030 1.00000000

0.98668070 0.06143826 -0.15061980 0.00000000
-0.07307740 0.99465150 -0.07299437 0.00000000
0.14532950 0.08302907 0.98589310 0.00000000
-0.15269490 1.66590000 -0.30155550 1.00000000

0.98119280 0.17760660 -0.07560691 0.00000000
0.18933850 -0.96176400 0.19789090 0.00000000
-0.03756952 -0.20848440 -0.97730390 0.00000000
-0.04579385 1.65371800 -0.28322140 1.00000000

0.99864150 -0.04277401 -0.02975625 0.00000000
0.03412229 0.96843210 -0.24693190 0.00000000
0.03937933 0.24558110 0.96857600 0.00000000
-0.11979670 1.64844600 -0.27916940 1.00000000

0.99111310 0.13102670 -0.02295157 0.00000000
-0.13301650 0.97467790 -0.17974900 0.00000000
-0.00118145 0.18120450 0.98344470 0.00000000
-0.07726807 1.61579300 -0.22249510 1.00000000

0.93233240 0.36143750 0.01091716 0.00000000
0.36081580 -0.93187050 0.03780702 0.00000000
0.02383822 -0.03130961 -0.99922550 0.00000000
-0.04932342 1.57161200 -0.31734020 1.00000000

0.99082490 0.13312070 -0.02333784 0.00000000
-0.13426290 0.98929100 -0.05724127 0.00000000
0.01546794 0.05984953 0.99808760 0.00000000
-0.07645280 1.58518900 -0.32472520 1.00000000

0.98653290 -0.10959890 -0.12141190 0.00000000
0.10425760 0.99331640 -0.04952416 0.00000000
0.12602850 0.03619909 0.99136610 0.00000000
-0.10318670 1.56618200 -0.31318220 1.00000000

0.99954270 -0.03009298 0.00298843 0.00000000
-0.02970847 -0.95867310 0.28295480 0.00000000
-0.00565004 -0.28291420 -0.95912870 0.00000000
-0.02487106 1.57827700 -0.28841220 1.00000000

0.95553860 0.27274360 -0.11205820 0.00000000
-0.29317630 0.91941240 -0.26216130 0.00000000
0.03152475 0.28335790 0.95849590 0.00000000
-0.13313080 1.56611100 -0.27984130 1.00000000

0.99458890 0.09924039 0.03072920 0.00000000
0.07956094 -0.91780560 0.38897670 0.00000000
0.06680551 -0.38442700 -0.92073500 0.00000000
-0.05283170 1.59395900 -0.30979150 1.00000000

0.99354030 0.09691803 -0.05902854 0.00000000
-0.11220440 0.91675710 -0.38336200 0.00000000
0.01696026 0.38750890 0.92171000 0.00000000
-0.07914858 1.59453300 -0.31406760 1.00000000

0.98156120 0.11872290 -0.14980770 0.00000000
-0.17192700 0.89086440 -0.42047790 0.00000000
0.08353785 0.43848080 0.89484970 0.00000000
-0.10626230 1.59090400 -0.30585780 1.00000000

0.99625380 0.06824984 -0.05310389 0.00000000
0.08199935 -0.94059490 0.32948040 0.00000000
-0.02746221 -0.33260060 -0.94266780 0.00000000
-0.06310210 1.61992100 -0.30971150 1.00000000

0.99625380 0.06824984 -0.05310389 0.00000000
-0.08199933 0.94059490 -0.32948040 0.00000000
0.02746215 0.33260050 0.94266780 0.00000000
-0.08233263 1.61061000 -0.32429640 1.00000000

0.99625380 0.06824984 -0.05310389 0.00000000
-0.08199933 0.94059490 -0.32948040 0.00000000
0.02746215 0.33260050 0.94266780 0.00000000
-0.10104480 1.61712800 -0.30764810 1.00000000

0.99628570 0.06784996 -0.05302060 0.00000000
-0.07726766 0.97619250 -0.20267660 0.00000000
0.03800669 0.20602060 0.97780930 0.00000000
-0.08359256 1.70019500 -0.23332290 1.00000000

-0.02984211 -0.98543740 -0.16739940 0.00000000
0.84478160 0.06465250 -0.53119120 0.00000000
0.53427850 -0.15726780 0.83055000 0.00000000
-0.05287397 1.46843000 -0.03052277 1.00000000

0.68655770 -0.54586990 -0.48027580 0.00000000
0.72259960 0.43909420 0.53389720 0.00000000
-0.08055204 -0.71359820 0.69590880 0.00000000
-0.24201740 1.45396400 0.08841015 1.00000000

0.68642630 -0.54690680 -0.47928260 0.00000000
-0.17271140 -0.76283060 0.62310550 0.00000000
-0.70639220 -0.34493860 -0.61808410 0.00000000
-0.45805030 1.32268800 -0.07120959 1.00000000

0.78053180 -0.49081130 -0.38713640 0.00000000
-0.23167430 -0.80232500 0.55009270 0.00000000
-0.58060090 -0.33967530 -0.73994850 0.00000000
