MeshAnim
1
200
79
30
0.74545310 0.03277162 -0.66575190 0.00000000
-0.08392826 0.99545630 -0.04497452 0.00000000
0.66125310 0.08940181 0.74481650 0.00000000
0.01312186 0.86465350 0.00102533 1.00000000

0.97118690 0.20137500 0.12745290 0.00000000
0.23140880 -0.92469070 -0.30232030 0.00000000
0.05697456 0.32310320 -0.94464730 0.00000000
0.11096340 0.83758100 -0.08981209 1.00000000

0.97118690 0.20137500 0.12745290 0.00000000
0.15902400 -0.94591120 0.28277880 0.00000000
0.17750350 -0.25436300 -0.95067990 0.00000000
0.21286530 0.43038950 -0.22294010 1.00000000

0.99132810 0.06231830 -0.11569310 0.00000000
0.06203513 -0.99805580 -0.00605083 0.00000000
-0.11584540 -0.00117872 -0.99326680 0.00000000
0.26358780 0.12868010 -0.13274450 1.00000000

0.99116860 0.06228925 -0.11706690 0.00000000
0.06660189 -0.99722440 0.03329090 0.00000000
-0.11466840 -0.04079388 -0.99256610 0.00000000
0.25417830 0.02453077 -0.26947160 1.00000000

0.52401640 -0.29522780 -0.79890380 0.00000000
0.29523210 0.94280860 -0.15475800 0.00000000
0.79890230 -0.15476630 0.58120790 0.00000000
-0.08661766 0.82889450 0.08664428 1.00000000

0.52401450 -0.29523400 -0.79890290 0.00000000
-0.15297220 0.89012210 -0.42928110 0.00000000
0.83785940 0.34715940 0.42127420 0.00000000
-0.21662410 0.41372540 0.15479260 1.00000000

0.44429870 -0.10249560 -0.88999620 0.00000000
0.05992603 0.99460910 -0.08462720 0.00000000
0.89387230 -0.01573420 0.44804580 0.00000000
-0.16783200 0.12981020 0.29171720 1.00000000

0.43528010 -0.10270190 -0.89441800 0.00000000
-0.03788717 0.99050240 -0.13217310 0.00000000
0.89949750 0.09141927 0.42725490 0.00000000
-0.29655320 0.02833754 0.23914330 1.00000000

0.57907630 -0.14419930 -0.80241960 0.00000000
-0.03839955 0.97831730 -0.20352070 0.00000000
0.81436860 0.14866650 0.56098320 0.00000000
0.00052236 1.00030700 -0.00641113 1.00000000

0.59664370 -0.11065910 -0.79484020 0.00000000
-0.08588547 0.97595390 -0.20034370 0.00000000
0.79789730 0.18779900 0.57279280 0.00000000
-0.00610271 1.16909500 -0.04152448 1.00000000

0.60181370 -0.43103850 -0.67232890 0.00000000
-0.26368050 0.68739810 -0.67672470 0.00000000
0.75385200 0.58454220 0.30002920 0.00000000
-0.01351334 1.35424400 -0.07286392 1.00000000

-0.08079726 0.85327510 -0.51516340 0.00000000
0.76019840 -0.28152680 -0.58552650 0.00000000
-0.64464730 -0.43893530 -0.62591170 0.00000000
0.00624936 1.39874200 -0.17784310 1.00000000

0.32854100 0.57156320 -0.75191520 0.00000000
0.38816760 -0.80747680 -0.44419270 0.00000000
-0.86103810 -0.14593350 -0.48715150 0.00000000
0.17645360 1.33571000 -0.30893280 1.00000000

0.32730580 0.57141010 -0.75257000 0.00000000
-0.15741490 -0.75233650 -0.63969550 0.00000000
-0.93171430 0.32784160 -0.15629540 0.00000000
0.29250170 1.09430400 -0.44173070 1.00000000

0.58406700 0.33458380 -0.73954030 0.00000000
-0.39837160 -0.67566260 -0.62030640 0.00000000
-0.70722400 0.65691230 -0.26134310 0.00000000
0.25296320 0.90533710 -0.60240550 1.00000000

-0.50601700 -0.21217320 0.83602000 0.00000000
-0.70722400 0.65691230 -0.26134310 0.00000000
-0.49374180 -0.72349740 -0.48246290 0.00000000
0.14120990 0.83541650 -0.64792800 1.00000000

-0.48537780 -0.51732640 -0.70482760 0.00000000
-0.57619890 -0.41704580 0.70289970 0.00000000
-0.65757380 0.74729270 -0.09565797 0.00000000
0.14738250 0.85724510 -0.70124470 1.00000000

-0.29047640 -0.12967040 0.94805560 0.00000000
0.69343140 0.65420540 0.30194070 0.00000000
-0.65937570 0.74511800 -0.10011360 0.00000000
0.11571100 0.83432170 -0.66260900 1.00000000

-0.42428900 -0.69022920 -0.58614220 0.00000000
-0.56686430 -0.30231590 0.76633560 0.00000000
-0.70614710 0.65741040 -0.26299680 0.00000000
0.17931200 0.82723780 -0.69190820 1.00000000

-0.26807410 0.10189940 0.95799410 0.00000000
0.65508940 0.74840010 0.10370730 0.00000000
-0.70639510 0.65537270 -0.26737980 0.00000000
0.14742210 0.81071140 -0.64773540 1.00000000

-0.44726580 -0.84294970 -0.29898010 0.00000000
-0.43135810 -0.08953200 0.89772740 0.00000000
-0.78350720 0.53049020 -0.32356830 0.00000000
0.20706890 0.79803730 -0.67699910 1.00000000

-0.27437700 0.17185140 0.94614200 0.00000000
0.55752470 0.83008860 0.01090750 0.00000000
-0.78350720 0.53049020 -0.32356850 0.00000000
0.18374750 0.79319670 -0.62846340 1.00000000

-0.50162860 -0.86192850 -0.07381088 0.00000000
-0.41170700 0.16282230 0.89665320 0.00000000
-0.76083260 0.48017520 -0.43653790 0.00000000
0.22997020 0.77453800 -0.66304870 1.00000000

-0.11372880 0.57093190 0.81308230 0.00000000
0.63657830 0.67020570 -0.38156610 0.00000000
-0.76278030 0.47419540 -0.43966430 0.00000000
0.20988380 0.78333440 -0.61842440 1.00000000

-0.46074940 0.67380950 -0.57765980 0.00000000
-0.79565620 -0.60197090 -0.06754044 0.00000000
-0.39324420 0.42849940 0.81347880 0.00000000
0.15191790 0.90678400 -0.63958160 1.00000000

-0.91295350 -0.40270090 -0.06593835 0.00000000
0.32939420 -0.82264230 0.46342090 0.00000000
-0.24086400 0.40136210 0.88368180 0.00000000
0.10374370 0.87211010 -0.64460530 1.00000000

0.49193600 0.50193810 -0.71137690 0.00000000
-0.15741490 -0.75233650 -0.63969550 0.00000000
-0.85628220 0.42667070 -0.29108870 0.00000000
0.27445590 1.00805800 -0.51506410 1.00000000

-0.02419272 0.47298140 -0.88074030 0.00000000
0.38811510 -0.80745170 -0.44428470 0.00000000
-0.92129340 -0.35257700 -0.16403660 0.00000000
0.17645360 1.33571000 -0.30893290 1.00000000

0.06200337 0.50377540 -0.86160670 0.00000000
0.38816760 -0.80747680 -0.44419270 0.00000000
-0.91950080 -0.30690640 -0.24561540 0.00000000
0.25020540 1.18228900 -0.39332950 1.00000000

0.32003170 0.35319270 -0.87911020 0.00000000
0.60917020 -0.78737970 -0.09457631 0.00000000
-0.72559710 -0.50526030 -0.46714090 0.00000000
0.20268860 1.36641900 -0.37938830 1.00000000

0.93281080 -0.07344866 -0.35280200 0.00000000
-0.26617200 0.51954970 -0.81192400 0.00000000
0.24293280 0.85127750 0.46509180 0.00000000
-0.06220106 1.47760000 -0.19553010 1.00000000

0.99704170 0.03528743 -0.06828317 0.00000000
-0.04362219 0.99123500 -0.12470100 0.00000000
0.06328428 0.12731080 0.98984190 0.00000000
-0.09447134 1.54059000 -0.29396670 1.00000000

0.99704170 0.03528743 -0.06828317 0.00000000
-0.04362219 0.99123500 -0.12470100 0.00000000
0.06328428 0.12731080 0.98984190 0.00000000
-0.10440140 1.57979900 -0.41869830 1.00000000

0.95842860 -0.28425960 -0.02471524 0.00000000
-0.26686240 -0.92367810 0.27496130 0.00000000
-0.10098920 -0.25693520 -0.96113780 0.00000000
-0.05059282 1.57510500 -0.39859740 1.00000000

0.93974420 0.32629310 -0.10204830 0.00000000
-0.34127720 0.91302370 -0.22342290 0.00000000
0.02027121 0.24478700 0.96936500 0.00000000
-0.15493120 1.57071800 -0.39101740 1.00000000

0.99704160 0.03528738 -0.06828329 0.00000000
0.04362219 -0.99123500 0.12470100 0.00000000
-0.06328443 -0.12731080 -0.98984190 0.00000000
-0.06573267 1.59340600 -0.39110380 1.00000000

0.99704170 0.03528743 -0.06828317 0.00000000
-0.04362219 0.99123500 -0.12470100 0.00000000
0.06328428 0.12731080 0.98984190 0.00000000
-0.13981330 1.59078300 -0.38603030 1.00000000

0.97004370 0.18443160 -0.15811480 0.00000000
0.20321000 -0.97269540 0.11211350 0.00000000
-0.13312030 -0.14088540 -0.98103540 0.00000000
-0.08782223 1.59474300 -0.42828880 1.00000000

0.98499800 0.15158320 -0.08247083 0.00000000
-0.16054290 0.98021140 -0.11580810 0.00000000
0.06328428 0.12731080 0.98984190 0.00000000
-0.11972830 1.59528200 -0.42738420 1.00000000

0.99548800 0.03205714 0.08930662 0.00000000
0.03965321 -0.99562390 -0.08462293 0.00000000
0.08620328 0.08778249 -0.99240300 0.00000000
-0.03761598 1.61478200 -0.41435210 1.00000000

0.98545680 0.03693241 -0.16586430 0.00000000
-0.03638812 0.99931770 0.00632031 0.00000000
0.16598430 -0.00019287 0.98612840 0.00000000
-0.17241890 1.61113400 -0.40632940 1.00000000

0.98574400 0.14695990 -0.08192387 0.00000000
0.15603200 -0.98064050 0.11831450 0.00000000
-0.06295034 -0.12941060 -0.98959100 0.00000000
-0.06574953 1.59364100 -0.39122870 1.00000000

0.99559280 -0.07683611 -0.05376935 0.00000000
0.06660839 0.98296040 -0.17132440 0.00000000
0.06601715 0.16698780 0.98374640 0.00000000
-0.13981530 1.59077900 -0.38606150 1.00000000

0.99481900 0.09605949 -0.03327972 0.00000000
-0.09896009 0.98998810 -0.10065060 0.00000000
0.02327812 0.10342220 0.99436510 0.00000000
-0.09755681 1.55223200 -0.33300280 1.00000000

0.92782380 0.37277470 0.01348886 0.00000000
0.37300080 -0.92681930 -0.04332085 0.00000000
-0.00364724 0.04522550 -0.99897030 0.00000000
-0.07528791 1.51026600 -0.43370720 1.00000000

0.99576200 0.08611978 -0.03226811 0.00000000
-0.08542855 0.99609640 0.02222426 0.00000000
0.03405595 -0.01937356 0.99923210 0.00000000
-0.09965491 1.53042700 -0.43725340 1.00000000

0.97542070 -0.18285410 -0.12295880 0.00000000
0.18710870 0.98204850 0.02389521 0.00000000
0.11638200 -0.04631456 0.99212410 0.00000000
-0.12504990 1.50792300 -0.42767160 1.00000000

0.99748150 -0.06670961 -0.02409700 0.00000000
-0.06000529 -0.97481820 0.21477670 0.00000000
-0.03781781 -0.21278970 -0.97636610 0.00000000
-0.05209322 1.51756800 -0.40579150 1.00000000

0.96205900 0.24312300 -0.12382910 0.00000000
-0.26348810 0.94569610 -0.19034890 0.00000000
0.07082653 0.21575430 0.97387560 0.00000000
-0.14967400 1.51107400 -0.39620390 1.00000000

0.98785110 0.15531990 0.00509340 0.00000000
0.14625070 -0.94025320 0.30746470 0.00000000
0.05254462 -0.30298430 -0.95154590 0.00000000
-0.07602739 1.54372600 -0.42502780 1.00000000

0.99294850 0.09160660 -0.07524297 0.00000000
-0.11044200 0.94549490 -0.30633650 0.00000000
0.04307932 0.31248630 0.94894500 0.00000000
-0.10187970 1.53825800 -0.42588660 1.00000000

0.99199990 0.02895763 -0.12287270 0.00000000
-0.07085997 0.93326240 -0.35213690 0.00000000
0.10447530 0.35802650 0.92784800 0.00000000
-0.12870420 1.54024600 -0.41937440 1.00000000

0.99702360 0.03569349 -0.06833425 0.00000000
0.05194678 -0.96597660 0.25335860 0.00000000
-0.05696586 -0.25615420 -0.96495600 0.00000000
-0.08506303 1.56556900 -0.42028110 1.00000000

0.99702360 0.03569349 -0.06833425 0.00000000
-0.05194674 0.96597680 -0.25335850 0.00000000
0.05696589 0.25615410 0.96495590 0.00000000
-0.10472760 1.55710900 -0.43519930 1.00000000

0.99702360 0.03569349 -0.06833425 0.00000000
-0.05194674 0.96597680 -0.25335850 0.00000000
0.05696589 0.25615410 0.96495590 0.00000000
-0.12274210 1.56408000 -0.41768070 1.00000000

0.99704170 0.03528743 -0.06828317 0.00000000
-0.04359600 0.99128760 -0.12429110 0.00000000
0.06330231 0.12690020 0.98989360 0.00000000
-0.10085070 1.63740000 -0.33708260 1.00000000

0.30365390 -0.86213160 0.40561490 0.00000000
0.41161530 -0.26523770 -0.87190710 0.00000000
0.85928290 0.43171530 0.27432610 0.00000000
-0.06082902 1.44344000 -0.11399670 1.00000000

-0.30411770 -0.74165170 -0.59788390 0.00000000
0.51306280 0.40129740 -0.75876670 0.00000000
0.80266990 -0.53750650 0.25847230 0.00000000
-0.15298030 1.50268400 0.08126200 1.00000000

-0.30297190 -0.74229300 -0.59767000 0.00000000
0.92579630 -0.37802250 0.00018930 0.00000000
-0.22607320 -0.55326330 0.80174220 0.00000000
-0.30501420 1.38376800 0.30610140 1.00000000

-0.02700531 -0.20452960 -0.97848790 0.00000000
0.91701040 -0.39473990 0.05720243 0.00000000
-0.39794780 -0.89573900 0.19821560 0.00000000
-0.53552400 1.47789000 0.30605520 1.00000000

-0.13548020 0.26318130 0.95518650 0.00000000
-0.35794180 -0.91196310 0.20050280 0.00000000
0.92386310 -0.31473680 0.21775640 0.00000000
-0.61742640 1.55175000 0.23703280 1.00000000

0.76929100 -0.61934480 -0.15685500 0.00000000
0.25871710 0.07750559 0.96283880 0.00000000
-0.58417190 -0.78128430 0.21985940 0.00000000
-0.63281750 1.59229200 0.28006370 1.00000000

0.54433800 -0.20297180 0.81394000 0.00000000
-0.62273060 0.55233290 0.55419790 0.00000000
-0.56205240 -0.80853640 0.17425890 0.00000000
-0.64703850 1.58803200 0.22713980 1.00000000

0.79237630 -0.55254630 -0.25851960 0.00000000
0.31677630 0.01052445 0.94844190 0.00000000
-0.52133730 -0.83341580 0.18337280 0.00000000
-0.65219060 1.55326700 0.29049750 1.00000000

0.46972470 -0.13826750 0.87191780 0.00000000
-0.72720030 0.49938230 0.47095310 0.00000000
-0.50053790 -0.85527740 0.13402410 0.00000000
-0.66944720 1.55217200 0.23625480 1.00000000

0.87093170 -0.40299850 -0.28119460 0.00000000
0.32580400 0.04517306 0.94435760 0.00000000
-0.36787210 -0.91408510 0.17064090 0.00000000
-0.66878210 1.51384500 0.29451020 1.00000000

0.56644990 -0.10613200 0.81723340 0.00000000
-0.74576470 0.35596030 0.56314060 0.00000000
-0.35066980 -0.92845480 0.12248400 0.00000000
-0.68639670 1.51140400 0.24345370 1.00000000

0.90869540 -0.35813710 -0.21450040 0.00000000
0.22243200 -0.01943986 0.97475450 0.00000000
-0.35326550 -0.93346670 0.06199616 0.00000000
-0.68120940 1.48051300 0.29691240 1.00000000

0.59828110 -0.19104830 0.77817770 0.00000000
-0.73440590 0.25768290 0.62789140 0.00000000
-0.32048050 -0.94715370 0.01385975 0.00000000
-0.69153090 1.48121700 0.24828010 1.00000000

-0.94632400 -0.27840300 -0.16420300 0.00000000
-0.10453860 -0.21708870 0.97053830 0.00000000
-0.30584740 0.93560930 0.17633250 0.00000000
-0.55748930 1.56825200 0.25680460 1.00000000

-0.05571061 -0.25362960 0.96569600 0.00000000
0.95423820 0.27109160 0.12624880 0.00000000
-0.29381230 0.92853750 0.22692070 0.00000000
-0.54962310 1.58166100 0.19930160 1.00000000

-0.19574540 -0.47981890 -0.85525290 0.00000000
0.92579630 -0.37802250 0.00018930 0.00000000
-0.32339560 -0.79175320 0.51821070 0.00000000
-0.41115000 1.42710300 0.30607920 1.00000000

0.75058130 -0.63854090 0.16998050 0.00000000
0.51319300 0.40127490 -0.75869080 0.00000000
0.41624610 0.65669180 0.62888410 0.00000000
-0.15298030 1.50268400 0.08126200 1.00000000

0.41939790 -0.88847840 -0.18631110 0.00000000
0.51306280 0.40129740 -0.75876670 0.00000000
0.74891400 0.22263590 0.62414850 0.00000000
-0.25046300 1.42643600 0.22542650 1.00000000

0.65459570 -0.72110480 -0.22696300 0.00000000
0.11089170 0.38856710 -0.91472330 0.00000000
0.74780160 0.57360560 0.33431880 0.00000000
-0.20519760 1.56312100 0.09946286 1.00000000

0.74545310 0.03277162 -0.66575190 0.00000000
0.03291443 0.99576240 0.08587119 0.00000000
0.66574490 -0.08592578 0.74121560 0.00000000
-0.14984020 0.90040180 0.06816300 1.00000000

1.00000000 0.00000000 0.00000000 0.00000000
0.00000000 1.00000000 0.00000000 0.00000000
0.00000000 0.00000000 1.00000000 0.00000000
0.00000000 0.00000000 0.00000000 1.00000000

1.00000000 0.00000000 0.00000000 0.00000000
0.00000000 1.00000000 0.00000000 0.00000000
0.00000000 0.00000000 1.00000000 0.00000000
0.00000000 0.00000000 0.00000000 1.00000000

0.74467930 0.03274089 -0.66661890 0.00000000
-0.08310618 0.99557150 -0.04394048 0.00000000
0.66222800 0.08812170 0.74410250 0.00000000
0.01248146 0.86425610 0.00279162 1.00000000

0.97245540 0.20386720 0.11299820 0.00000000
0.22922680 -0.92433320 -0.30506310 0.00000000
0.04225579 0.32256250 -0.94560450 0.00000000
0.11018970 0.83718290 -0.08818898 1.00000000

0.97245540 0.20386720 0.11299820 0.00000000
0.16519020 -0.94480030 0.28295670 0.00000000
0.16444650 -0.25649660 -0.95245310 0.00000000
0.21113060 0.43014890 -0.22252480 1.00000000

0.99126360 0.06254181 -0.11612490 0.00000000
0.06225373 -0.99804160 -0.00610940 0.00000000
-0.11627940 -0.00117314 -0.99321580 0.00000000
0.26382000 0.12879370 -0.13227240 1.00000000

0.99112450 0.06150772 -0.11785180 0.00000000
0.06576515 -0.99730310 0.03258016 0.00000000
-0.11552980 -0.04004155 -0.99249670 0.00000000
0.25437370 0.02464670 -0.26899870 1.00000000

0.52539430 -0.29341480 -0.79866680 0.00000000
0.29737010 0.94278750 -0.15074030 0.00000000
0.79720250 -0.15830160 0.58258800 0.00000000
-0.08718630 0.82850450 0.08849717 1.00000000

0.52539230 -0.29342110 -0.79866580 0.00000000
-0.15836330 0.88853360 -0.43061490 0.00000000
0.83599280 0.35272110 0.42036150 0.00000000
-0.21813430 0.41334470 0.15487620 1.00000000

0.44420170 -0.10262470 -0.89002980 0.00000000
0.05973377 0.99460000 -0.08486989 0.00000000
0.89393330 -0.01546547 0.44793310 0.00000000
-0.16762260 0.12993620 0.29222630 1.00000000

0.43475570 -0.10327810 -0.89460670 0.00000000
-0.04136746 0.99006320 -0.13440160 0.00000000
0.89959770 0.09543943 0.42616330 0.00000000
-0.29633210 0.02842772 0.23969310 1.00000000

0.57857050 -0.14494100 -0.80265080 0.00000000
-0.03691273 0.97842270 -0.20328910 0.00000000
0.81479670 0.14724510 0.56073640 0.00000000
-0.00000759 0.99992740 -0.00450253 1.00000000

0.59690870 -0.10980740 -0.79475920 0.00000000
-0.08571170 0.97619320 -0.19924940 0.00000000
0.79771760 0.18705390 0.57328660 0.00000000
-0.00637614 1.16873400 -0.03957593 1.00000000

0.60282040 -0.42866380 -0.67294480 0.00000000
-0.26458640 0.68829590 -0.67545750 0.00000000
0.75272930 0.58523160 0.30150030 0.00000000
-0.01375613 1.35391900 -0.07070470 1.00000000

-0.08296190 0.85260480 -0.51592900 0.00000000
0.76478560 -0.27745160 -0.58148410 0.00000000
-0.63892130 -0.44281610 -0.62904180 0.00000000
0.00597238 1.39866100 -0.17558680 1.00000000

0.32795100 0.57428650 -0.75009540 0.00000000
0.38591800 -0.80617610 -0.44849460 0.00000000
-0.86227350 -0.14239100 -0.48601390 0.00000000
0.17720360 1.33654100 -0.30577140 1.00000000

0.32671430 0.57413810 -0.75074830 0.00000000
-0.17012520 -0.74563920 -0.64426680 0.00000000
-0.92968560 0.33821240 -0.14593570 0.00000000
0.29257920 1.09552500 -0.43985530 1.00000000

0.56865230 0.30903290 -0.76232090 0.00000000
-0.41951150 -0.68821200 -0.59192430 0.00000000
-0.70756270 0.65640150 -0.26171050 0.00000000
0.24984820 0.90823950 -0.60167830 1.00000000

-0.48716570 -0.18483140 0.85352620 0.00000000
-0.70756270 0.65640150 -0.26171050 0.00000000
-0.51188370 -0.73141960 -0.45055610 0.00000000
0.13639060 0.83819530 -0.64255840 1.00000000

-0.50715730 -0.53137430 -0.67855200 0.00000000
-0.56242250 -0.39251910 0.72774280 0.00000000
-0.65304870 0.75071310 -0.09978798 0.00000000
0.14144390 0.85852630 -0.69658050 1.00000000

-0.26820800 -0.10141900 0.95800750 0.00000000
0.70644680 0.65540550 0.26716430 0.00000000
-0.65497910 0.74843700 -0.10413780 0.00000000
0.11052970 0.83695100 -0.65657940 1.00000000

-0.44470900 -0.70160910 -0.55675750 0.00000000
-0.55050900 -0.27622400 0.78780710 0.00000000
-0.70652250 0.65684480 -0.26340260 0.00000000
0.17332490 0.82847630 -0.68721640 1.00000000

-0.24350700 0.13010920 0.96113250 0.00000000
0.66407970 0.74461320 0.06744865 0.00000000
-0.70689630 0.65469280 -0.26772150 0.00000000
0.14238560 0.81344600 -0.64184940 1.00000000

-0.46197300 -0.84634790 -0.26509670 0.00000000
-0.40992240 -0.06129910 0.91005830 0.00000000
-0.78647630 0.52909140 -0.31861850 0.00000000
0.20117920 0.79942190 -0.67220370 1.00000000

-0.24947680 0.19977540 0.94755010 0.00000000
0.56499280 0.82471330 -0.02512246 0.00000000
-0.78647610 0.52909140 -0.31861840 0.00000000
0.17901670 0.79610760 -0.62300120 1.00000000

-0.51094690 -0.85876160 -0.03823978 0.00000000
-0.38805750 0.19073600 0.90168250 0.00000000
-0.76703640 0.47555100 -0.43070470 0.00000000
0.22420660 0.77608700 -0.65818460 1.00000000

-0.08860350 0.59359020 0.79987540 0.00000000
0.63294060 0.65361520 -0.41493810 0.00000000
-0.76911360 0.46950830 -0.43361980 0.00000000
0.20530320 0.78626870 -0.61333860 1.00000000

-0.46880390 0.66245290 -0.58427670 0.00000000
-0.80240520 -0.59592960 -0.03184232 0.00000000
-0.36928180 0.45389900 0.81092970 0.00000000
0.14793600 0.90965520 -0.63640830 1.00000000

-0.91784870 -0.39557550 -0.03277293 0.00000000
0.33335810 -0.81303270 0.47733670 0.00000000
-0.21546820 0.42719770 0.87810920 0.00000000
0.09934569 0.87532140 -0.63931780 1.00000000

0.49065720 0.50289380 -0.71158500 0.00000000
-0.17012520 -0.74563920 -0.64426680 0.00000000
-0.85458360 0.43717270 -0.28029830 0.00000000
0.27307640 1.01004600 -0.51371290 1.00000000

-0.03175417 0.47434920 -0.87976380 0.00000000
0.38586490 -0.80615090 -0.44858610 0.00000000
-0.92200860 -0.35371430 -0.15743600 0.00000000
0.17720370 1.33654100 -0.30577140 1.00000000

0.05754662 0.50624570 -0.86046710 0.00000000
0.38591800 -0.80617610 -0.44849460 0.00000000
-0.92073650 -0.30626050 -0.24176210 0.00000000
0.25052810 1.18336800 -0.39098540 1.00000000

0.32255780 0.35465500 -0.87759690 0.00000000
0.61409020 -0.78395970 -0.09110762 0.00000000
-0.72031240 -0.50953610 -0.47066240 0.00000000
0.20340060 1.36740800 -0.37579630 1.00000000

0.93300470 -0.06975511 -0.35303870 0.00000000
-0.26764700 0.52127790 -0.81032980 0.00000000
0.24055590 0.85053130 0.46768510 0.00000000
-0.06260590 1.47743700 -0.19314400 1.00000000

0.99693040 0.04020449 -0.06718266 0.00000000
-0.04942244 0.98867110 -0.14172900 0.00000000
0.06072342 0.14461440 0.98762310 0.00000000
-0.09505506 1.54063600 -0.29138730 1.00000000

0.99693040 0.04020449 -0.06718266 0.00000000
-0.04942244 0.98867110 -0.14172900 0.00000000
0.06072342 0.14461440 0.98762310 0.00000000
-0.10499830 1.57764400 -0.41678870 1.00000000

0.96018210 -0.27878020 -0.01821542 0.00000000
-0.26173760 -0.92045090 0.29028260 0.00000000
-0.09769148 -0.27395650 -0.95676780 0.00000000
-0.05119856 1.57362500 -0.39651920 1.00000000

0.93792550 0.33023430 -0.10602300 0.00000000
-0.34641790 0.90696480 -0.23960300 0.00000000
0.01703390 0.26145800 0.96506450 0.00000000
-0.15552180 1.56873000 -0.38904250 1.00000000

0.99693040 0.04020462 -0.06718209 0.00000000
0.04939450 -0.98873750 0.14127460 0.00000000
-0.06074554 -0.14415950 -0.98768840 0.00000000
-0.06646281 1.59195700 -0.38936560 1.00000000

0.99693040 0.04020460 -0.06718221 0.00000000
-0.04939456 0.98873730 -0.14127450 0.00000000
0.06074557 0.14415940 0.98768820 0.00000000
-0.14053510 1.58896900 -0.38437370 1.00000000

0.96918820 0.18762190 -0.15960070 0.00000000
0.20891710 -0.96937490 0.12909720 0.00000000
-0.13049140 -0.15846280 -0.97870400 0.00000000
-0.08849297 1.59252300 -0.42660560 1.00000000

0.98420540 0.15616470 -0.08337998 0.00000000
-0.16628980 0.97708710 -0.13284740 0.00000000
0.06072342 0.14461440 0.98762310 0.00000000
-0.12040330 1.59288200 -0.42576440 1.00000000

0.99511220 0.03966188 0.09043658 0.00000000
0.04585795 -0.99666520 -0.06749544 0.00000000
0.08745801 0.07131281 -0.99361260 0.00000000
-0.03843471 1.61310300 -0.41292860 1.00000000

0.98551170 0.04010864 -0.16479710 0.00000000
-0.04247413 0.99903860 -0.01085327 0.00000000
0.16420340 0.01769566 0.98626780 0.00000000
-0.17322720 1.60876900 -0.40507370 1.00000000

0.98497840 0.15155600 -0.08275262 0.00000000
0.16177710 -0.97750070 0.13535310 0.00000000
-0.06037718 -0.14670740 -0.98733560 0.00000000
-0.06648087 1.59218900 -0.38949450 1.00000000

0.99613680 -0.07166110 -0.05075389 0.00000000
0.06094037 0.98027350 -0.18801650 0.00000000
0.06322604 0.18419730 0.98085370 0.00000000
-0.14053700 1.58896400 -0.38440490 1.00000000

0.99427520 0.10155030 -0.03322852 0.00000000
-0.10479260 0.98750260 -0.11771640 0.00000000
0.02085915 0.12052470 0.99249110 0.00000000
-0.09814081 1.55159000 -0.33062230 1.00000000

0.92606080 0.37726380 0.00913823 0.00000000
0.37737080 -0.92567600 -0.02674463 0.00000000
-0.00163055 0.02821577 -0.99960050 0.00000000
-0.07542679 1.50812400 -0.43055450 1.00000000

0.99527070 0.09169865 -0.03205353 0.00000000
-0.09157155 0.99578360 0.00541551 0.00000000
0.03241485 -0.00245459 0.99947140 0.00000000
-0.09992748 1.52807200 -0.43449750 1.00000000

0.97693670 -0.17758660 -0.11856420 0.00000000
0.17971500 0.98369070 0.00742177 0.00000000
0.11531250 -0.02855839 0.99291870 0.00000000
-0.12521300 1.50556900 -0.42456530 1.00000000

0.99790720 -0.06117091 -0.02095839 0.00000000
-0.05468321 -0.97133370 0.23134520 0.00000000
-0.03450924 -0.22971500 -0.97264600 0.00000000
-0.05231751 1.51597600 -0.40272820 1.00000000

0.96072600 0.24695970 -0.12655490 0.00000000
-0.26905430 0.94062940 -0.20694440 0.00000000
0.06793427 0.23286710 0.97013290 0.00000000
-0.14990890 1.50904400 -0.39319480 1.00000000

0.98694540 0.16099870 0.00428265 0.00000000
0.15095750 -0.93400420 0.32380250 0.00000000
0.05613166 -0.31892900 -0.94611510 0.00000000
-0.07639740 1.54160500 -0.42244380 1.00000000

0.99249330 0.09650138 -0.07513097 0.00000000
-0.11576490 0.93940940 -0.32265820 0.00000000
0.03944176 0.32893370 0.94352900 0.00000000
-0.10221100 1.53599900 -0.42326000 1.00000000

0.99198230 0.03351754 -0.12184950 0.00000000
-0.07652922 0.92661520 -0.36814050 0.00000000
0.10056850 0.37451410 0.92175130 0.00000000
-0.12904560 1.53788200 -0.41681970 1.00000000

0.99691000 0.04060951 -0.06724083 0.00000000
0.05736125 -0.96116440 0.26994920 0.00000000
-0.05366683 -0.27297210 -0.96052380 0.00000000
-0.08557049 1.56349900 -0.41809350 1.00000000

0.99691000 0.04060951 -0.06724083 0.00000000
-0.05736125 0.96116460 -0.26994910 0.00000000
0.05366695 0.27297200 0.96052380 0.00000000
-0.10515640 1.55466800 -0.43289860 1.00000000

0.99691000 0.04060951 -0.06724083 0.00000000
-0.05736125 0.96116460 -0.26994910 0.00000000
0.05366695 0.27297200 0.96052380 0.00000000
-0.12324450 1.56182500 -0.41553210 1.00000000

0.99693040 0.04020449 -0.06718266 0.00000000
-0.04939732 0.98873080 -0.14132010 0.00000000
0.06074396 0.14420500 0.98768150 0.00000000
-0.10194500 1.63665300 -0.33616530 1.00000000

0.29866010 -0.85782400 0.41825860 0.00000000
0.41141680 -0.27971980 -0.86746360 0.00000000
0.86112620 0.43115540 0.26938190 0.00000000
-0.06120805 1.44311700 -0.11167840 1.00000000

-0.30298930 -0.74502870 -0.59424720 0.00000000
0.50788220 0.40139250 -0.76219410 0.00000000
0.80638270 -0.53274430 0.25676920 0.00000000
-0.15331450 1.50560200 0.08258495 1.00000000

-0.30183950 -0.74566350 -0.59403600 0.00000000
0.92763450 -0.37348090 -0.00253472 0.00000000
-0.21997090 -0.55181350 0.80443440 0.00000000
-0.30381320 1.38665900 0.30843990 1.00000000

-0.03012538 -0.20776770 -0.97771420 0.00000000
0.91917130 -0.39005970 0.05456746 0.00000000
-0.39270430 -0.89704300 0.20272480 0.00000000
-0.53478060 1.47965000 0.30907200 1.00000000

-0.13274280 0.26554850 0.95491530 0.00000000
-0.35260980 -0.91306360 0.20489380 0.00000000
0.92630770 -0.30951430 0.21483770 0.00000000
-0.61733500 1.55288800 0.24016400 1.00000000

0.77165560 -0.61606470 -0.15815270 0.00000000
0.26239040 0.08183114 0.96148590 0.00000000
-0.57939540 -0.78343370 0.22479480 0.00000000
-0.63274350 1.59349000 0.28313140 1.00000000

0.54875510 -0.19771570 0.81226630 0.00000000
-0.62309370 0.55103430 0.55508140 0.00000000
-0.55733480 -0.81072180 0.17918750 0.00000000
-0.64716650 1.58899300 0.23028180 1.00000000

0.79398350 -0.54947720 -0.26012440 0.00000000
0.32071670 0.01508976 0.94705510 0.00000000
-0.51646010 -0.83537240 0.18820740 0.00000000
-0.65188060 1.55440500 0.29377030 1.00000000

0.47407000 -0.13319370 0.87035470 0.00000000
-0.72765210 0.49730860 0.47244700 0.00000000
-0.49576170 -0.85728860 0.13884030 0.00000000
-0.66936020 1.55305200 0.23960480 1.00000000

0.87170710 -0.39961920 -0.28360360 0.00000000
0.32955670 0.04976897 0.94282320 0.00000000
-0.36265540 -0.91532930 0.17508100 0.00000000
-0.66826130 1.51491500 0.29797770 1.00000000

0.57040480 -0.10075880 0.81516020 0.00000000
-0.74512320 0.35409090 0.56516460 0.00000000
-0.34558610 -0.92976750 0.12689740 0.00000000
-0.68607880 1.51222500 0.24700400 1.00000000

0.90953100 -0.35436170 -0.21721180 0.00000000
0.22663250 -0.01525262 0.97386090 0.00000000
-0.34841200 -0.93498400 0.06643716 0.00000000
-0.68051450 1.48153000 0.30053750 1.00000000

0.60248770 -0.18564180 0.77623820 0.00000000
-0.73300880 0.25607660 0.63017660 0.00000000
-0.31576350 -0.94866340 0.01820590 0.00000000
-0.69104430 1.48202900 0.25194740 1.00000000

-0.94562920 -0.28355510 -0.15931750 0.00000000
-0.09937844 -0.21451290 0.97165240 0.00000000
-0.30969270 0.93465550 0.17467040 0.00000000
-0.55739690 1.56974600 0.25962980 1.00000000

-0.05039236 -0.25082970 0.96671880 0.00000000
0.95341910 0.27616210 0.12135340 0.00000000
-0.29741000 0.92780370 0.22522930 0.00000000
-0.54983910 1.58301000 0.20205190 1.00000000

-0.19699040 -0.48348730 -0.85289780 0.00000000
0.92763450 -0.37348090 -0.00253472 0.00000000
-0.31731540 -0.79167680 0.52207150 0.00000000
-0.41015980 1.42947300 0.30873010 1.00000000

0.75431930 -0.63447080 0.16866910 0.00000000
0.50801270 0.40137080 -0.76211850 0.00000000
0.41584320 0.66056690 0.62508090 0.00000000
-0.15331450 1.50560200 0.08258495 1.00000000

0.42286810 -0.88703110 -0.18536010 0.00000000
0.50788220 0.40139250 -0.76219410 0.00000000
0.75049190 0.22816640 0.62024340 0.00000000
-0.24981290 1.42933600 0.22740060 1.00000000

0.65117570 -0.72761080 -0.21576100 0.00000000
0.11412460 0.37494530 -0.91999540 0.00000000
0.75029710 0.57445500 0.32719350 0.00000000
-0.20614940 1.56720800 0.10078940 1.00000000

0.74467930 0.03274089 -0.66661890 0.00000000
0.03389425 0.99565210 0.08676454 0.00000000
0.66656120 -0.08720632 0.74033180 0.00000000
-0.15036810 0.90008470 0.07015911 1.00000000

1.00000000 0.00000000 0.00000000 0.00000000
0.00000000 1.00000000 0.00000000 0.00000000
0.00000000 0.00000000 1.00000000 0.00000000
0.00000000 0.00000000 0.00000000 1.00000000

1.00000000 0.00000000 0.00000000 0.00000000
0.00000000 1.00000000 0.00000000 0.00000000
0.00000000 0.00000000 1.00000000 0.00000000
0.00000000 0.00000000 0.00000000 1.00000000

0.74323030 0.03278127 -0.66823200 0.00000000
-0.08258372 0.99565570 -0.04300881 0.00000000
0.66391920 0.08715054 0.74270870 0.00000000
0.01157444 0.86338460 0.00365440 1.00000000

0.97326410 0.20693630 0.09967157 0.00000000
0.22790590 -0.92401340 -0.30701550 0.00000000
0.02856505 0.32152290 -0.94647100 0.00000000
0.10906530 0.83631930 -0.08756142 1.00000000

0.97326410 0.20693630 0.09967157 0.00000000
0.17136210 -0.94313820 0.28482580 0.00000000
0.15294480 -0.26013090 -0.95338340 0.00000000
0.20942460 0.42942610 -0.22275700 1.00000000

0.99111260 0.06305809 -0.11713020 0.00000000
0.06276992 -0.99800920 -0.00615139 0.00000000
-0.11728500 -0.00125552 -0.99309760 0.00000000
0.26408260 0.12860110 -0.13190840 1.00000000

0.99097230 0.06125902 -0.11925360 0.00000000
0.06543802 -0.99736120 0.03144427 0.00000000
-0.11701270 -0.03896407 -0.99236590 0.00000000
0.25455230 0.02444631 -0.26862290 1.00000000

0.52618120 -0.29242370 -0.79851210 0.00000000
0.29927300 0.94262090 -0.14799140 0.00000000
0.79597050 -0.16110280 0.58350400 0.00000000
-0.08792663 0.82763020 0.08955228 1.00000000

0.52617910 -0.29243020 -0.79851110 0.00000000
-0.16407690 0.88645450 -0.43275530 0.00000000
0.83439460 0.35872410 0.41845290 0.00000000
-0.21971250 0.41254380 0.15472090 1.00000000

0.44395940 -0.10298120 -0.89010940 0.00000000
0.05924328 0.99457370 -0.08551846 0.00000000
0.89408640 -0.01476628 0.44765140 0.00000000
-0.16737840 0.12979840 0.29275360 1.00000000

0.43412270 -0.10375080 -0.89485930 0.00000000
-0.04485284 0.98962450 -0.13649740 0.00000000
0.89973650 0.09939352 0.42496500 0.00000000
-0.29605780 0.02819675 0.24032650 1.00000000

0.57768980 -0.14643740 -0.80301340 0.00000000
-0.03509116 0.97841100 -0.20366750 0.00000000
0.81550190 0.14583530 0.56007940 0.00000000
-0.00084628 0.99906910 -0.00351022 1.00000000

0.59738200 -0.10862140 -0.79456660 0.00000000
-0.08600227 0.97639390 -0.19813760 0.00000000
0.79733200 0.18669840 0.57393850 0.00000000
-0.00690056 1.16787400 -0.03864890 1.00000000

0.60485460 -0.42485110 -0.67353710 0.00000000
-0.26640580 0.68910800 -0.67391250 0.00000000
0.75045240 0.58705340 0.30362750 0.00000000
-0.01433927 1.35309300 -0.06956195 1.00000000

-0.08382739 0.85375270 -0.51388650 0.00000000
0.77048990 -0.27149910 -0.57674420 0.00000000
-0.63191670 -0.44429140 -0.63504870 0.00000000
0.00532113 1.39817100 -0.17431260 1.00000000

0.33209430 0.57695260 -0.74621640 0.00000000
0.38349600 -0.80536580 -0.45201460 0.00000000
-0.86176840 -0.13605960 -0.48871640 0.00000000
0.17782960 1.33738400 -0.30343590 1.00000000

0.33085830 0.57681320 -0.74687300 0.00000000
-0.18697060 -0.73568940 -0.65100190 0.00000000
-0.92497310 0.35503280 -0.13556190 0.00000000
0.29248100 1.09661000 -0.43857220 1.00000000

0.55808280 0.28820900 -0.77812530 0.00000000
-0.43912260 -0.69309300 -0.57165900 0.00000000
-0.70407050 0.66072560 -0.26024400 0.00000000
0.24551890 0.91182370 -0.60208680 1.00000000

-0.47335140 -0.16347600 0.86557150 0.00000000
-0.70407060 0.66072560 -0.26024400 0.00000000
-0.52936140 -0.73261030 -0.42785410 0.00000000
0.13044650 0.84253370 -0.63960010 1.00000000

-0.52640690 -0.53669340 -0.65943660 0.00000000
-0.55354830 -0.37236500 0.74493500 0.00000000
-0.64535280 0.75716900 -0.10107030 0.00000000
0.13474000 0.86184260 -0.69406100 1.00000000

-0.25144540 -0.08105581 0.96447150 0.00000000
0.71948460 0.65087980 0.24227670 0.00000000
-0.64739290 0.75484170 -0.10534220 0.00000000
0.10431370 0.84137500 -0.65311500 1.00000000

-0.46382240 -0.70554290 -0.53579740 0.00000000
-0.53905520 -0.25519140 0.80268080 0.00000000
-0.70305660 0.66112570 -0.26196300 0.00000000
0.16641230 0.83155490 -0.68475360 1.00000000

-0.22379280 0.15015510 0.96300040 0.00000000
0.67450020 0.73708960 0.04181808 0.00000000
-0.70353850 0.65890280 -0.26623490 0.00000000
0.13614330 0.81772580 -0.63855990 1.00000000

-0.47742530 -0.84488270 -0.24132710 0.00000000
-0.39352040 -0.03996912 0.91844650 0.00000000
-0.78562550 0.53345670 -0.31339630 0.00000000
0.19417710 0.80241420 -0.66974260 1.00000000

-0.22914330 0.21964190 0.94828830 0.00000000
0.57470580 0.81681190 -0.05031788 0.00000000
-0.78562530 0.53345670 -0.31339630 0.00000000
0.17290140 0.80025320 -0.62008680 1.00000000

-0.52228800 -0.85266380 -0.01341680 0.00000000
-0.36866240 0.21157690 0.90516480 0.00000000
-0.76896270 0.47770280 -0.42484900 0.00000000
0.21716950 0.77903610 -0.65573820 1.00000000

-0.06614858 0.60869120 0.79064520 0.00000000
0.63318400 0.63800790 -0.43820550 0.00000000
-0.77116970 0.47163710 -0.42761660 0.00000000
0.19923920 0.79024890 -0.61073850 1.00000000

-0.47134540 0.65801910 -0.58723480 0.00000000
-0.81026100 -0.58603540 -0.00631762 0.00000000
-0.34829750 0.47283590 0.80939210 0.00000000
0.14299900 0.91393670 -0.63494250 1.00000000

-0.92318360 -0.38426150 -0.00868928 0.00000000
0.33204290 -0.80870790 0.48553010 0.00000000
-0.19359760 0.44534840 0.87417690 0.00000000
0.09393679 0.88018430 -0.63633750 1.00000000

0.49164230 0.50364940 -0.71036960 0.00000000
-0.18697060 -0.73568940 -0.65100190 0.00000000
-0.85048830 0.45287840 -0.26752850 0.00000000
0.27104720 1.01227200 -0.51320190 1.00000000

-0.03579849 0.47619450 -0.87861100 0.00000000
0.38344220 -0.80534020 -0.45210560 0.00000000
-0.92287110 -0.35308120 -0.15376330 0.00000000
0.17782960 1.33738400 -0.30343600 1.00000000

0.05737817 0.50926720 -0.85869350 0.00000000
0.38349600 -0.80536580 -0.45201460 0.00000000
-0.92175860 -0.30336970 -0.24151250 0.00000000
0.25069380 1.18436500 -0.38931870 1.00000000

0.32700740 0.35913290 -0.87412210 0.00000000
0.61897890 -0.78034400 -0.08904538 0.00000000
-0.71409510 -0.51194460 -0.47747390 0.00000000
0.20436360 1.36860900 -0.37316500 1.00000000

0.93355890 -0.06411597 -0.35264290 0.00000000
-0.26945110 0.52325050 -0.80845840 0.00000000
0.23635590 0.84976350 0.47120910 0.00000000
-0.06351454 1.47675400 -0.19172520 1.00000000

0.99667370 0.04825752 -0.06566986 0.00000000
-0.05879619 0.98378930 -0.16941470 0.00000000
0.05642992 0.17271240 0.98335440 0.00000000
-0.09618240 1.54019300 -0.28974160 1.00000000

0.99667370 0.04825752 -0.06566986 0.00000000
-0.05879619 0.98378930 -0.16941470 0.00000000
0.05642992 0.17271240 0.98335440 0.00000000
-0.10612840 1.57358600 -0.41615330 1.00000000

0.96294330 -0.26958750 -0.00790930 0.00000000
-0.25345270 -0.91455860 0.31519030 0.00000000
-0.09220487 -0.30150570 -0.94899580 0.00000000
-0.05235059 1.57067300 -0.39563890 1.00000000

0.93491360 0.33648770 -0.11274940 0.00000000
-0.35468370 0.89642560 -0.26574550 0.00000000
0.01165140 0.28843950 0.95742730 0.00000000
-0.15664140 1.56494700 -0.38830130 1.00000000

0.99667380 0.04825823 -0.06566656 0.00000000
0.05872019 -0.98402120 0.16808940 0.00000000
-0.05650583 -0.17138640 -0.98358210 0.00000000
-0.06781610 1.58904300 -0.38903980 1.00000000

0.99667390 0.04825808 -0.06566736 0.00000000
-0.05872015 0.98402140 -0.16808930 0.00000000
0.05650654 0.17138620 0.98358210 0.00000000
-0.14186940 1.58545600 -0.38416030 1.00000000

0.96774130 0.19275490 -0.16224130 0.00000000
0.21812790 -0.96326320 0.15666640 0.00000000
-0.12608290 -0.18700190 -0.97423480 0.00000000
-0.08974291 1.58835000 -0.42633860 1.00000000

0.98284860 0.16358790 -0.08513272 0.00000000
-0.17556840 0.97129270 -0.16051890 0.00000000
0.05642992 0.17271240 0.98335440 0.00000000
-0.12165750 1.58841400 -0.42559130 1.00000000

0.99440480 0.05209488 0.09189779 0.00000000
0.05591664 -0.99765340 -0.03951351 0.00000000
0.08962354 0.04443105 -0.99498440 0.00000000
-0.03993062 1.60980200 -0.41311080 1.00000000

0.98553920 0.04532422 -0.16327330 0.00000000
-0.05232960 0.99787350 -0.03886186 0.00000000
0.16116470 0.04684384 0.98581520 0.00000000
-0.17469570 1.60434500 -0.40549070 1.00000000

0.98366550 0.15900660 -0.08437490 0.00000000
0.17105270 -0.97168120 0.16302340 0.00000000
-0.05606386 -0.17479310 -0.98300790 0.00000000
-0.06783608 1.58927100 -0.38917520 1.00000000

0.99694010 -0.06310845 -0.04612532 0.00000000
0.05177783 0.97520510 -0.21516060 0.00000000
0.05856028 0.21211400 0.97548890 0.00000000
-0.14187120 1.58545100 -0.38419140 1.00000000

0.99331390 0.11049270 -0.03344864 0.00000000
-0.11421480 0.98275620 -0.14541470 0.00000000
0.01680464 0.14826280 0.98880520 0.00000000
-0.09926289 1.55001600 -0.32927510 1.00000000

0.92323080 0.38424150 0.00191298 0.00000000
0.38424180 -0.92323270 0.00020851 0.00000000
0.00184616 0.00054250 -0.99999830 0.00000000
-0.07581628 1.50416000 -0.42789890 1.00000000

0.99439360 0.10078000 -0.03201210 0.00000000
-0.10150610 0.99459320 -0.02192631 0.00000000
0.02962926 0.02505272 0.99924700 0.00000000
-0.10053460 1.52374100 -0.43248050 1.00000000

0.97931400 -0.16864970 -0.11180890 0.00000000
0.16751700 0.98567590 -0.01951755 0.00000000
0.11349920 0.00038380 0.99353800 0.00000000
-0.12564370 1.50125300 -0.42197220 1.00000000

0.99851660 -0.05199090 -0.01618049 0.00000000
-0.04605982 -0.96497820 0.25825470 0.00000000
-0.02904078 -0.25712630 -0.96594150 0.00000000
-0.05284818 1.51288600 -0.40023650 1.00000000

0.95851040 0.25306630 -0.13120660 0.00000000
-0.27799160 0.93169330 -0.23381240 0.00000000
0.06307432 0.26058610 0.96338800 0.00000000
-0.15045340 1.50523800 -0.39076550 1.00000000

0.98539870 0.17024240 0.00265411 0.00000000
0.15854550 -0.92315480 0.35021290 0.00000000
0.06207094 -0.34467850 -0.93666670 0.00000000
-0.07716138 1.53762500 -0.42070920 1.00000000

0.99168400 0.10442220 -0.07522574 0.00000000
-0.12428140 0.92882300 -0.34905850 0.00000000
0.03342211 0.35550500 0.93407670 0.00000000
-0.10291010 1.53180200 -0.42145080 1.00000000

0.99186990 0.04098746 -0.12047460 0.00000000
-0.08567187 0.91510730 -0.39400380 0.00000000
0.09409806 0.40112180 0.91117880 0.00000000
-0.12975540 1.53349800 -0.41511690 1.00000000

0.99664970 0.04866056 -0.06573933 0.00000000
0.06609114 -0.95263830 0.29683710 0.00000000
-0.04818171 -0.30018730 -0.95266270 0.00000000
-0.08655699 1.55959000 -0.41700900 1.00000000

0.99664970 0.04866056 -0.06573933 0.00000000
-0.06609114 0.95263840 -0.29683700 0.00000000
0.04818165 0.30018730 0.95266270 0.00000000
-0.10601200 1.55016100 -0.43161420 1.00000000

0.99664970 0.04866056 -0.06573933 0.00000000
-0.06609114 0.95263840 -0.29683700 0.00000000
0.04818165 0.30018730 0.95266270 0.00000000
-0.12422000 1.55761500 -0.41450100 1.00000000

0.99667370 0.04825752 -0.06566986 0.00000000
-0.05877281 0.98386080 -0.16900760 0.00000000
0.05645430 0.17230500 0.98342470 0.00000000
-0.10389280 1.63485000 -0.33720160 1.00000000

0.29555450 -0.85293710 0.43028580 0.00000000
0.41228320 -0.29242470 -0.86285000 0.00000000
0.86178310 0.43241880 0.26522430 0.00000000
-0.06206537 1.44223000 -0.11034660 1.00000000

-0.29987450 -0.75080510 -0.58852970 0.00000000
0.49796210 0.40301310 -0.76786340 0.00000000
0.81370090 -0.52332800 0.25301920 0.00000000
-0.15436530 1.50756000 0.08288320 1.00000000

-0.29871670 -0.75142720 -0.58832420 0.00000000
0.93135020 -0.36403870 -0.00792298 0.00000000
-0.20821900 -0.55030270 0.80858620 0.00000000
-0.30192440 1.38813700 0.31041810 1.00000000

-0.03542358 -0.21257330 -0.97650290 0.00000000
0.92349020 -0.38043900 0.04931682 0.00000000
-0.38198330 -0.90004380 0.20978580 0.00000000
