MeshAnim
1
65
65
30
0.9832284 0.1741394 0.05419778 0
-0.1766489 0.9832191 0.04555584 0
0.04535522 0.05436578 -0.9974905 0
-0.004139673 0.009148479 -0.02094302 1

0.9985188 -0.006908521 0.05396626 0
-0.008382156 0.9605286 0.2780548 0
0.05375708 0.2780953 -0.959048 0
-0.02212684 0.1092641 -0.01630433 1

-0.9837382 0.0185443 -0.1786482 0
0.008923829 -0.9883807 -0.151737 0
0.1793863 0.1508637 -0.9721423 0
0.08783802 -0.04396194 -0.00449528 1

-0.9947522 0.0173443 0.1008355 0
-0.04708923 -0.9525576 -0.3006943 0
-0.09083625 0.3038645 -0.9483749 0
-0.07356453 -0.07254827 -0.01339222 1

0.9973286 -0.0524185 0.05087237 0
0.03784519 0.9664843 0.2539209 0
0.06247749 0.2513173 -0.9658862 0
-0.02296528 0.2053428 0.01150859 1

-0.9611112 0.01755719 -0.2756028 0
-0.08731757 -0.9660989 0.2429581 0
0.2619939 -0.2575748 -0.9300615 0
0.09179765 -0.4825209 -0.07182319 1

-0.9720757 0.04231672 0.230821 0
0.04157683 -0.9369895 0.3468753 0
-0.2309555 -0.346786 -0.9090649 0
-0.09445867 -0.4952114 -0.1468145 1

0.9938679 -0.09718877 0.05273542 0
0.08456518 0.9753553 0.2037906 0
0.07124194 0.1980814 -0.9775932 0
-0.01943731 0.2954392 0.03517932 1

-0.9739836 -5.960464E-08 -0.2266181 0
0.17567 -0.6317397 -0.7550133 0
0.1431636 0.7751807 -0.6153041 0
0.05291704 -0.9127036 0.03636073 1

-0.9705299 -1.847744E-06 0.2409815 0
-0.1872969 -0.6292175 -0.7543246 0
-0.1516312 0.7772297 -0.6106737 0
-0.07594542 -0.9124326 0.007641627 1

0.9982397 0.01030664 0.05840507 0
-0.01661573 0.9939478 0.1085903 0
0.05693238 0.1093697 -0.9923694 0
-0.005175125 0.4599361 0.06954926 1

-0.1844817 -0.0008997303 0.9828355 0
0.9179915 -0.3573704 0.1719831 0
-0.3510816 -0.9339625 -0.06675407 0
0.03487528 0.3985993 0.06829096 1

-0.03653718 0.02744192 -0.9989554 0
-0.9883885 -0.1485254 0.03207047 0
0.1474902 -0.9885277 -0.03254987 0
-0.05596855 0.4074807 0.06347027 1

-0.9739837 -7.450581E-08 -0.226618 0
0.2266107 0.00805584 -0.9739523 0
-0.001825675 0.9999678 0.007846196 0
0.07718913 -0.9999902 -0.06795844 1

-0.9705299 5.960464E-08 0.2409815 0
-0.2409786 -0.004971884 -0.9705176 0
-0.001198068 0.9999879 -0.004825329 0
-0.101824 -0.9993707 -0.09658241 1

0.996873 -0.0007677227 0.07901642 0
-0.02158268 0.9592869 0.2816079 0
0.07601559 0.2824327 -0.9562705 0
-0.005109888 0.5558972 0.05150007 1

0.08003728 0.07092966 0.9942651 0
0.1636891 -0.9848594 0.05708198 0
-0.9832599 -0.1581816 0.09043592 0
0.1343688 0.3598669 0.0869308 1

0.04302767 -0.04805105 -0.9979178 0
-0.1188765 -0.9919931 0.04264015 0
0.9919763 -0.1167942 0.04839543 0
-0.1630872 0.391384 0.06694598 1

-0.9737636 0.02321376 -0.2263748 0
0.2266107 0.00805584 -0.9739523 0
0.02078544 0.9996983 0.01310493 0
0.09821434 -0.9992429 -0.1583229 1

-0.9702281 -0.02373631 0.2410281 0
-0.2409786 -0.004971884 -0.9705176 0
-0.02423491 0.9997061 0.0008960888 0
-0.1241823 -0.999832 -0.1866283 1

0.1473114 -0.3980105 0.9054762 0
0.1072353 -0.9036408 -0.4146496 0
-0.9832599 -0.1581816 0.09043591 0
0.1799423 0.08566701 0.1028233 1

0.08391492 0.321965 -0.9430254 0
-0.09455849 -0.93952 -0.3291825 0
0.9919763 -0.1167943 0.04839535 0
-0.1961842 0.115198 0.07881767 1

0.996873 -0.0007677227 0.07901642 0
-0.02158268 0.9592869 0.2816079 0
0.07601559 0.2824327 -0.9562705 0
-0.001939189 0.7855808 0.01373026 1

0.4264072 -0.3557246 0.8316471 0
0.09450994 -0.8968696 -0.4320801 0
-0.8995804 -0.2628411 0.3488122 0
0.2103208 -0.1703239 -0.01464237 1

0.3514408 0.3880569 -0.8519983 0
-0.02358252 -0.9060923 -0.4224223 0
0.9359131 -0.1685487 0.3092865 0
-0.2229715 -0.1509569 -0.01443581 1

0.2850471 -0.6479561 0.7063295 0
-0.2549969 -0.7616083 -0.5957594 0
-0.9239724 0.01029234 0.382321 0
0.1870554 -0.1870269 -0.04210558 1

0.4340788 -0.2932327 0.8518161 0
-0.2193049 -0.9514938 -0.2157899 0
-0.8737742 0.09313758 0.4773304 0
0.2046343 -0.2453356 -0.0709849 1

0.4263357 -0.3313021 0.8417108 0
-0.1059158 -0.9423972 -0.317285 0
-0.8983428 -0.04611962 0.4368677 0
0.2193297 -0.2558181 -0.05583005 1

0.4294605 -0.3124311 0.8473198 0
-0.1960022 -0.9481313 -0.2502602 0
-0.8815596 0.05859968 0.4684222 0
0.2264902 -0.2587191 -0.03831562 1

0.4279898 -0.3182714 0.8458891 0
-0.1228232 -0.9477416 -0.2944497 0
-0.895399 -0.02212682 0.4447149 0
0.2298059 -0.2575802 -0.01618756 1

0.166137 0.6456654 -0.7453287 0
0.2955403 -0.7536905 -0.587032 0
0.9407734 0.122747 0.3160361 0
-0.1993767 -0.1655526 -0.04282674 1

0.3491307 0.3905284 -0.8518189 0
0.151456 -0.9205849 -0.3599785 0
0.9247533 0.003333524 0.3805525 0
-0.2123293 -0.2255993 -0.07056739 1

0.351147 0.3874775 -0.8523832 0
0.04750241 -0.9165543 -0.3970793 0
0.9351148 -0.09894291 0.3402515 0
-0.2252199 -0.2373382 -0.05470745 1

0.3492209 0.3903329 -0.8518714 0
0.1489921 -0.9206734 -0.3607797 0
0.9251194 0.0009303242 0.3796751 0
-0.2312706 -0.2407625 -0.03687184 1

0.3655244 0.2921595 -0.8837618 0
0.1419577 -0.9558535 -0.2572781 0
0.9199129 0.03141534 0.3908623 0
-0.2336965 -0.2397403 -0.01462304 1

0.2731601 -0.317024 0.9082289 0
-0.02098575 -0.945875 -0.3238526 0
-0.9617399 -0.06940372 0.2650283 0
0.1763736 -0.2189305 -0.06706181 1

0.4404657 -0.2726225 0.8553754 0
-0.3624142 -0.9256906 -0.1084117 0
-0.8213682 0.2622485 0.5065372 0
0.19652 -0.2805407 -0.07896911 1

0.4321057 -0.3044929 0.8488635 0
-0.2984739 -0.9365138 -0.183998 0
-0.8509983 0.1738569 0.4955561 0
0.2154107 -0.2906867 -0.06756956 1

0.4359501 -0.2902322 0.8518878 0
-0.3519183 -0.9261788 -0.1354496 0
-0.8283122 0.2407457 0.5059057 0
0.2198668 -0.2907591 -0.04677257 1

0.4348848 -0.2894755 0.8526896 0
-0.3274906 -0.9329222 -0.1496878 0
-0.8388239 0.2141508 0.5005141 0
0.2253843 -0.2916988 -0.02678777 1

0.2107497 0.5274656 -0.8230219 0
0.249336 -0.8430891 -0.4764793 0
0.9452069 0.1047912 0.3091969 0
-0.1870021 -0.1971103 -0.06740632 1

0.3558567 0.3657061 -0.8600146 0
0.3437653 -0.9069565 -0.2434241 0
0.8690176 0.209019 0.4484638 0
-0.2067254 -0.259661 -0.08388658 1

0.3558369 0.3598365 -0.8624951 0
0.2647965 -0.9239003 -0.2762086 0
0.8962494 0.1301004 0.4240414 0
-0.2234624 -0.2712507 -0.06939941 1

0.3585314 0.3589703 -0.8617401 0
0.390399 -0.8961678 -0.2108839 0
0.8479646 0.260814 0.461446 0
-0.2265773 -0.2697638 -0.04823641 1

0.3621207 0.3327913 -0.8707002 0
0.3745829 -0.9073083 -0.1909956 0
0.853555 0.2569859 0.453213 0
-0.2285861 -0.274151 -0.02388504 1

0.2730053 -0.4271738 0.8619693 0
-0.09702386 -0.9036638 -0.417107 0
-0.9571074 -0.03024086 0.2881511 0
0.1756567 -0.2512443 -0.07812554 1

0.4553661 -0.2439505 0.8562301 0
-0.5512615 -0.8324514 0.05600021 0
-0.6991085 0.4975073 0.5135505 0
0.1861912 -0.306923 -0.08205885 1

0.4082357 -0.2146371 0.8872849 0
-0.6123502 -0.7852404 0.0917875 0
-0.677031 0.5807999 0.4519961 0
0.2066058 -0.318314 -0.07299755 1

0.3071851 -0.1374373 0.9416732 0
-0.5888755 -0.8047699 0.07464215 0
-0.7475716 0.5774571 0.3281467 0
0.2096974 -0.3175228 -0.05068668 1

0.4569775 -0.2482537 0.8541322 0
-0.5990026 -0.7957651 0.08918911 0
-0.6575469 0.5523846 0.512351 0
0.2185071 -0.3112903 -0.02993124 1

0.03295447 0.5233871 -0.8514576 0
0.2307361 -0.8328911 -0.5030441 0
0.9724584 0.1798844 0.1482119 0
-0.1784788 -0.2259303 -0.08369423 1

0.3706245 0.3370977 -0.8654493 0
0.5524138 -0.829084 -0.08636433 0
0.7466434 0.4460775 0.4934964 0
-0.1969281 -0.2855092 -0.09082419 1

0.3696131 0.3278102 -0.8694405 0
0.5017152 -0.8579844 -0.1102036 0
0.7820921 0.395479 0.4815897 0
-0.2156509 -0.2985059 -0.07754758 1

0.3874215 0.3158556 -0.8661062 0
0.6924958 -0.7198738 0.04723632 0
0.6085674 0.6180751 0.4976234 0
-0.2150605 -0.2962007 -0.05445748 1

0.37187 0.3134829 -0.8737512 0
0.5143374 -0.8531445 -0.08718657 0
0.7727675 0.4169808 0.4784949 0
-0.2207198 -0.2932044 -0.02789594 1

0.4772229 -0.4949195 0.7261636 0
-0.1445122 -0.859277 -0.4906723 0
-0.8668188 -0.1292205 0.4815885 0
0.1731584 -0.2745135 -0.08886594 1

0.4540592 -0.2428074 0.8572484 0
-0.5511824 -0.8324935 0.05614945 0
-0.7000203 0.4979954 0.5118323 0
0.1709092 -0.3300002 -0.08050645 1

0.4071811 -0.2132965 0.8880925 0
-0.6122147 -0.7853116 0.09208305 0
-0.6777881 0.5811977 0.4503472 0
0.1885621 -0.341452 -0.0702929 1

0.306025 -0.1385549 0.9418871 0
-0.5893652 -0.8045495 0.07313655 0
-0.7476613 0.5774973 0.3278715 0
0.1941581 -0.3387592 -0.04871697 1

0.4548617 -0.2465843 0.8557436 0
-0.5990401 -0.7957447 0.08911845 0
-0.658978 0.5531611 0.5096675 0
0.2058334 -0.3281268 -0.02804416 1

0.2486736 0.6193535 -0.7446899 0
0.2524803 -0.7837104 -0.5674961 0
0.9351017 0.04689818 0.3512628 0
-0.1725245 -0.2474238 -0.09667569 1

0.370075 0.3367391 -0.865824 0
0.5524043 -0.8290928 -0.08634176 0
0.746923 0.4463319 0.4928428 0
-0.1815994 -0.3085152 -0.09322068 1

0.3679822 0.3270476 -0.870419 0
0.5017359 -0.857966 -0.1102523 0
0.7828477 0.3961495 0.4798079 0
-0.2008359 -0.323841 -0.0808017 1

0.3879996 0.3164884 -0.8656161 0
0.692508 -0.7198641 0.04720831 0
0.6081851 0.6177629 0.4984778 0
-0.1967487 -0.3152364 -0.0532086 1

0.3709626 0.3123251 -0.8745511 0
0.5141183 -0.8533291 -0.08666991 0
0.7733492 0.4174714 0.4771254 0
-0.2097874 -0.3113383 -0.02974914 1

0.9832263 0.1743702 0.05348922 0
-0.1768584 0.9831634 0.04594357 0
0.04457745 0.05463295 -0.997511 0
-0.004093392 0.0090729 -0.02060422 1

0.9985575 -0.00670436 0.05327208 0
-0.008259952 0.9611812 0.2757943 0
0.05305314 0.2758365 -0.9597394 0
-0.02210189 0.1091828 -0.01592605 1

-0.9838893 0.01877812 -0.1777898 0
0.008693606 -0.9882666 -0.1524909 0
0.1785673 0.1515798 -0.9721817 0
0.08791008 -0.04401886 -0.004240582 1

-0.9947341 0.01721135 0.1010356 0
-0.04708222 -0.952364 -0.3013079 0
-0.09103674 0.3044781 -0.9481589 0
-0.07349213 -0.0726431 -0.01302121 1

0.99735 -0.05222055 0.05065565 0
0.03770849 0.9664914 0.2539138 0
0.06221777 0.2513308 -0.9658995 0
-0.02292811 0.2053268 0.01166076 1

-0.961123 0.01742372 -0.2755703 0
-0.08720908 -0.9660777 0.2430813 0
0.2619869 -0.2576633 -0.930039 0
0.09176756 -0.4825271 -0.07190301 1

-0.9731644 0.04190131 0.2262645 0
0.04032006 -0.93702 0.3469408 0
-0.2265517 -0.3467535 -0.9101848 0
-0.09438317 -0.4952202 -0.1467157 1

0.9938816 -0.09703484 0.05275926 0
0.08423954 0.9748945 0.2061175 0
0.07143529 0.200412 -0.9771038 0
-0.01941288 0.295424 0.03533084 1

-0.9739887 -5.796552E-06 -0.2265969 0
0.1756603 -0.6317223 -0.75503 0
0.143142 0.7751947 -0.6152915 0
0.05293526 -0.9127005 0.03633577 1

-0.9716851 2.217293E-05 0.2362799 0
-0.1835143 -0.6299648 -0.7546304 0
-0.1488313 0.7766239 -0.6121314 0
-0.0764295 -0.9124551 0.007769605 1

0.998233 0.01047851 0.05849109 0
-0.01687005 0.9938022 0.1098742 0
0.05697726 0.1106668 -0.992223 0
-0.005205622 0.4598429 0.07009321 1

-0.1845287 -0.003290368 0.9828218 0
0.9179519 -0.3578711 0.171151 0
-0.3511602 -0.9337652 -0.0690577 0
0.03486231 0.3985206 0.06870014 1

-0.03650838 0.02981791 -0.9988886 0
-0.9883282 -0.1490112 0.03167424 0
0.1479011 -0.988386 -0.0349098 0
-0.05598277 0.407388 0.06387727 1

-0.9739887 -5.826354E-06 -0.2265968 0
0.2265894 0.00807821 -0.9739571 0
-0.001836196 0.9999675 0.007866748 0
0.07720603 -0.9999846 -0.06798571 1

-0.9716852 2.360344E-05 0.2362801 0
-0.2362784 -0.003871478 -0.9716777 0
-0.0008918196 0.9999927 -0.003767445 0
-0.1017854 -0.9994965 -0.09649666 1

0.9968576 -0.0007969588 0.07921006 0
-0.0215462 0.9595206 0.2808126 0
0.07622749 0.2816369 -0.9564884 0
-0.005162856 0.5558274 0.05216812 1

0.08113641 0.07062348 0.9941978 0
0.1641158 -0.9848182 0.0565638 0
-0.9830988 -0.1585741 0.09149516 0
0.1343516 0.3597338 0.08724978 1

0.04163448 -0.04834555 -0.9979628 0
-0.1184812 -0.99202 0.04311489 0
0.9920832 -0.1164446 0.04703036 0
-0.1630949 0.3912386 0.06731002 1

-0.9737689 0.02320799 -0.2263531 0
0.2265894 0.00807821 -0.9739571 0
0.02077505 0.9996982 0.01312499 0
0.09822921 -0.9992352 -0.1583506 1

-0.9713902 -0.02371289 0.236303 0
-0.2362784 -0.003871478 -0.9716777 0
-0.02395609 0.9997115 0.001842123 0
-0.1237077 -0.9998556 -0.1866503 1

0.1484581 -0.398055 0.9052694 0
0.1071326 -0.9035522 -0.4148688 0
-0.9830987 -0.1585744 0.09149505 0
0.1800439 0.08554554 0.102998 1

0.08241257 0.3210899 -0.9434563 0
-0.09475979 -0.9398629 -0.3281442 0
0.9920831 -0.1164448 0.0470302 0
-0.1960818 0.1150452 0.07931389 1

0.9968576 -0.0007969588 0.07921006 0
-0.0215462 0.9595206 0.2808126 0
0.07622749 0.2816369 -0.9564884 0
-0.001963092 0.7854794 0.01420953 1

0.4267277 -0.3561448 0.831303 0
0.09403791 -0.8967404 -0.432451 0
-0.8994778 -0.2627128 0.349173 0
0.2103933 -0.1704203 -0.01452972 1

0.3483735 0.3881368 -0.8532212 0
-0.0246207 -0.9061393 -0.4222622 0
0.9370324 -0.1681118 0.3061187 0
-0.2229262 -0.1512071 -0.01364548 1

0.2852216 -0.648291 0.7059515 0
-0.2555135 -0.7613215 -0.5959045 0
-0.9237757 0.01041539 0.3827924 0
0.1871092 -0.1871069 -0.04198717 1

0.4344269 -0.293662 0.8514904 0
-0.219692 -0.951353 -0.2160164 0
-0.8735039 0.09322242 0.4778086 0
0.2046571 -0.2454101 -0.07089641 1

0.4266675 -0.3317292 0.8413743 0
-0.1063575 -0.9422522 -0.3175675 0
-0.8981332 -0.04600926 0.4373103 0
0.2193571 -0.2559022 -0.05575278 1

0.4298009 -0.3128596 0.846989 0
-0.1964136 -0.947984 -0.2504955 0
-0.8813018 0.058697 0.4688943 0
0.2265257 -0.2588115 -0.038243 1

0.4283281 -0.3186976 0.8455572 0
-0.1232553 -0.9476009 -0.2947218 0
-0.8951778 -0.02201815 0.4451652 0
0.229853 -0.2576816 -0.01611624 1

0.1633213 0.6456712 -0.745946 0
0.293873 -0.7536139 -0.5879664 0
0.9417881 0.1231859 0.3128265 0
-0.1994215 -0.1657947 -0.04211516 1

0.3460629 0.3906049 -0.8530349 0
0.1506592 -0.9205507 -0.3604 0
0.9260359 0.003796533 0.3774167 0
-0.212442 -0.2258496 -0.06980652 1

0.3480782 0.3875569 -0.853605 0
0.04658194 -0.9165707 -0.3971497 0
0.9363075 -0.09847656 0.3370916 0
-0.2252735 -0.2375927 -0.05390187 1

0.3461536 0.3904024 -0.8530908 0
0.1481946 -0.9206433 -0.3611844 0
0.9263996 0.001398161 0.3765397 0
-0.231262 -0.2410182 -0.0360455 1

0.3623928 0.292244 -0.8850228 0
0.1415251 -0.9558126 -0.2576686 0
0.9212177 0.03187568 0.3877395 0
-0.2336128 -0.2399949 -0.01378861 1

0.2735301 -0.3174211 0.9079788 0
-0.02141421 -0.9457545 -0.324176 0
-0.9616253 -0.06922811 0.2654896 0
0.1764058 -0.2189985 -0.06694953 1

0.4408221 -0.2730537 0.8550541 0
-0.3627464 -0.9255441 -0.1085504 0
-0.8210304 0.2623163 0.5070496 0
0.1965285 -0.2806101 -0.07888903 1

0.43245 -0.3049215 0.8485342 0
-0.2988636 -0.9363564 -0.1841663 0
-0.8506866 0.1739534 0.4960573 0
0.2154219 -0.2907654 -0.06750273 1

0.4362996 -0.2906626 0.8515622 0
-0.3522761 -0.9260225 -0.1355885 0
-0.8279761 0.2408278 0.5064166 0
0.2198884 -0.2908465 -0.04670791 1

0.4352358 -0.2899041 0.8523648 0
-0.3278578 -0.9327688 -0.1498395 0
-0.8384981 0.214239 0.5010217 0
0.2254158 -0.2917953 -0.02672624 1

0.2077233 0.5274812 -0.8237808 0
0.2480826 -0.8430245 -0.4772471 0
0.9462062 0.1052303 0.3059748 0
-0.1871167 -0.1973492 -0.06673386 1

0.3527741 0.3657812 -0.861252 0
0.343384 -0.9068167 -0.2444805 0
0.870424 0.2094938 0.4455048 0
-0.2068676 -0.25991 -0.08314129 1

0.3527477 0.3599135 -0.8637314 0
0.2643147 -0.9238015 -0.2769983 0
0.8976118 0.1305864 0.4209994 0
-0.22355 -0.2715058 -0.06859642 1

0.3554463 0.359041 -0.8629878 0
0.3901113 -0.8960061 -0.2120994 0
0.8493947 0.2612714 0.458548 0
-0.2265939 -0.2700183 -0.04742279 1

0.3590165 0.3328712 -0.8719543 0
0.3743831 -0.9071453 -0.1921576 0
0.8549528 0.2574572 0.4503014 0
-0.2285179 -0.2744043 -0.02306471 1

0.2733216 -0.4275408 0.861687 0
-0.09748153 -0.9034958 -0.4173642 0
-0.9569707 -0.03007601 0.2886223 0
0.1756743 -0.251308 -0.07802422 1

0.4557335 -0.2443839 0.8559111 0
-0.5514994 -0.8322929 0.05600821 0
-0.6986811 0.4975595 0.5140813 0
0.1861902 -0.3069881 -0.08198269 1

0.4086364 -0.2150709 0.8869956 0
-0.6125669 -0.7850636 0.09185274 0
-0.6765931 0.5808786 0.4525508 0
0.2066055 -0.318388 -0.07293569 1

0.3076322 -0.1378549 0.9414662 0
-0.5890965 -0.8046045 0.07467778 0
-0.7472132 0.577588 0.3287321 0
0.2097087 -0.3176057 -0.05062603 1

0.4573433 -0.2486881 0.8538099 0
-0.5992135 -0.7956007 0.0892354 0
-0.6571001 0.5524257 0.5128798 0
0.2185308 -0.3113835 -0.02987286 1

0.02983441 0.5233126 -0.8516186 0
0.229377 -0.8328453 -0.5037408 0
0.9728804 0.1803129 0.1448833 0
-0.1786363 -0.2261671 -0.08304807 1

0.367541 0.337174 -0.8667342 0
0.552561 -0.8288028 -0.0881028 0
0.7480575 0.446542 0.4909281 0
-0.1970812 -0.2857543 -0.090109 1

0.3665188 0.3278888 -0.8707201 0
0.5017927 -0.8577356 -0.1117755 0
0.7834973 0.395953 0.4789082 0
-0.2157527 -0.298758 -0.07676786 1

0.3843442 0.3159371 -0.8674466 0
0.69301 -0.7195224 0.04499493 0
0.6099316 0.6184427 0.4954919 0
-0.2150857 -0.2964506 -0.05367971 1

0.3687686 0.3135609 -0.875037 0
0.5145069 -0.8528769 -0.08879009 0
0.7741397 0.4174695 0.4758434 0
-0.2206558 -0.2934542 -0.02710003 1

0.4774522 -0.4952964 0.7257556 0
-0.1449948 -0.859071 -0.4908905 0
-0.8666118 -0.129146 0.4819807 0
0.1731641 -0.2745729 -0.08877128 1

0.4544276 -0.2432407 0.8569303 0
-0.5514203 -0.8323352 0.05615745 0
-0.6995937 0.4980482 0.5123639 0
0.1709016 -0.330061 -0.08043006 1

0.4075826 -0.2137301 0.887804 0
-0.6124313 -0.7851349 0.0921483 0
-0.6773509 0.5812771 0.4509024 0
0.1885554 -0.341521 -0.07022912 1

0.3064719 -0.1389722 0.9416803 0
-0.5895872 -0.8043838 0.07317245 0
-0.7473032 0.5776281 0.3284571 0
0.1941635 -0.3388379 -0.04865541 1

0.4552291 -0.2470185 0.855423 0
-0.5992509 -0.7955803 0.08916475 0
-0.6585324 0.5532035 0.510197 0
0.2058528 -0.3282165 -0.02798484 1

0.2458749 0.6193819 -0.7455953 0
0.2508808 -0.7836619 -0.5682716 0
0.9362718 0.04733188 0.3480739 0
-0.172717 -0.2476591 -0.09604748 1

0.3669904 0.336815 -0.8671068 0
0.5525515 -0.8288118 -0.08808024 0
0.7483348 0.4467965 0.4902734 0
-0.1817484 -0.3087523 -0.09255373 1

0.3648851 0.327125 -0.8716929 0
0.5018131 -0.8577174 -0.1118243 0
0.7842465 0.3966239 0.4771238 0
-0.2009355 -0.3240858 -0.08006846 1

0.3849236 0.3165703 -0.8669584 0
0.6930221 -0.7195126 0.04496688 0
0.6095527 0.61813 0.4963477 0
-0.1967602 -0.315477 -0.05249016 1

0.3678592 0.3124025 -0.8758338 0
0.5142897 -0.8530616 -0.08827264 0
0.7747164 0.4179603 0.4744717 0
-0.2097199 -0.3115825 -0.02898727 1

0.9832264 0.1745688 0.05283617 0
-0.1770333 0.9831192 0.04621551 0
0.04387647 0.05479407 -0.9975332 0
-0.004048258 0.009015679 -0.02029349 1

0.99859 -0.006543636 0.0526805 0
-0.008113846 0.9618992 0.2732838 0
0.05246161 0.2733259 -0.9604899 0
-0.02207456 0.1091212 -0.01558762 1

-0.9840252 0.01896749 -0.1770162 0
0.008508861 -0.9881614 -0.1531829 0
0.177826 0.152242 -0.9722141 0
0.08797766 -0.04405922 -0.004001528 1

-0.9947187 0.0170771 0.10121 0
-0.04706232 -0.9521838 -0.3018796 0
-0.09121525 0.3050484 -0.9479584 0
-0.07342455 -0.07271606 -0.01267496 1

0.99736 -0.05205667 0.05062707 0
0.03755857 0.9665041 0.2538881 0
0.06214784 0.2513163 -0.9659078 0
-0.02288616 0.2053368 0.01174807 1

-0.9611368 0.01729053 -0.2755312 0
-0.08707118 -0.966084 0.2431058 0
0.2619828 -0.2576488 -0.9300442 0
0.09175315 -0.4825208 -0.07197101 1

-0.9739733 0.04155509 0.2228213 0
0.03942702 -0.9370043 0.3470859 0
-0.2232077 -0.3468378 -0.9109786 0
-0.09430675 -0.4952133 -0.1466231 1

0.99388 -0.09689915 0.05303838 0
0.08386323 0.9743853 0.2086631 0
0.0718991 0.2029381 -0.9765484 0
-0.01938492 0.2954352 0.03541575 1

-0.9739952 -2.267957E-05 -0.2265694 0
0.1756586 -0.6316723 -0.7550725 0
0.1431004 0.7752357 -0.6152496 0
0.05298228 -0.912697 0.03627865 1

-0.9725463 9.055436E-05 0.2327099 0
-0.1806308 -0.6307737 -0.7546507 0
-0.1467189 0.7759672 -0.6134726 0
-0.07675079 -0.9124411 0.00792676 1

0.9982134 0.01063597 0.05879439 0
-0.01715353 0.993618 0.1114867 0
0.05723339 0.1122961 -0.9920253 0
-0.005241111 0.4597684 0.07060745 1

-0.1853321 -0.00590531 0.9826582 0
0.9179437 -0.3579761 0.1709753 0
-0.3507583 -0.9337124 -0.07176498 0
0.03484433 0.3984606 0.06907833 1

-0.03664999 0.03250683 -0.9987993 0
-0.9883252 -0.1490858 0.03141348 0
0.1478855 -0.9882899 -0.0375913 0
-0.0560006 0.4073157 0.06422994 1

-0.9739952 -2.269447E-05 -0.2265693 0
0.2265616 0.008142926 -0.973963 0
-0.001867071 0.9999672 0.007926063 0
0.0772528 -0.9999744 -0.06804869 1

-0.9725463 9.161234E-05 0.2327102 0
-0.2327093 -0.003249925 -0.9725411 0
-0.0006671697 0.9999949 -0.003181912 0
-0.1017083 -0.9995943 -0.09634233 1

0.9968379 -0.0008724183 0.0794563 0
-0.02148773 0.9597253 0.2801178 0
0.07650059 0.2809393 -0.9566715 0
-0.005217567 0.5557818 0.05283862 1

0.08191395 0.0700504 0.9941745 0
0.1646449 -0.9847723 0.05582223 0
-0.9829457 -0.1591132 0.0922002 0
0.1343327 0.3596625 0.08760894 1

0.03998566 -0.04874612 -0.9980105 0
-0.1175495 -0.992103 0.04374791 0
0.9922616 -0.1155662 0.04540002 0
-0.1631124 0.3911582 0.06763444 1

-0.973776 0.02319112 -0.2263242 0
0.2265616 0.008142926 -0.973963 0
0.02074434 0.9996983 0.01318368 0
0.09827345 -0.9992187 -0.1584141 1

-0.9722564 -0.02364495 0.2327201 0
-0.2327093 -0.003249925 -0.9725411 0
-0.02375199 0.9997153 0.002342739 0
-0.1232994 -0.9998959 -0.186576 1

0.1493651 -0.3983074 0.9050092 0
0.1072753 -0.9033464 -0.4152803 0
-0.9829457 -0.1591135 0.09220001 0
0.1801724 0.08548701 0.1031507 1

0.08048009 0.3201894 -0.9439289 0
-0.09455013 -0.9402785 -0.3270124 0
0.9922616 -0.1155665 0.0453998 0
-0.1958399 0.1149416 0.07981454 1

0.9968379 -0.0008724183 0.0794563 0
-0.02148773 0.9597253 0.2801178 0
0.07650059 0.2809393 -0.9566715 0
-0.001977876 0.7854061 0.01471581 1

0.4269113 -0.3567916 0.8309311 0
0.09396468 -0.8963969 -0.4331782 0
-0.8993985 -0.2630068 0.3491564 0
0.2105622 -0.1704205 -0.01449361 1

0.3452585 0.388591 -0.8542796 0
-0.02525781 -0.9060762 -0.4223599 0
0.9381677 -0.1674005 0.3030156 0
-0.2226249 -0.1514283 -0.0128242 1

0.2853846 -0.6488419 0.7053794 0
-0.2556243 -0.7608567 -0.5964507 0
-0.9236947 0.01009421 0.3829965 0
0.1872726 -0.1870859 -0.04195928 1

0.434614 -0.2943243 0.8511663 0
-0.2197464 -0.951184 -0.2167044 0
-0.8733971 0.09285799 0.4780746 0
0.2048156 -0.2453659 -0.07091822 1

0.4268512 -0.3323946 0.8410182 0
-0.10645 -0.942002 -0.3182781 0
-0.8980349 -0.04633107 0.4374782 0
0.219519 -0.2558696 -0.05578602 1

0.4299861 -0.3135244 0.8466489 0
-0.1964984 -0.9477854 -0.2511808 0
-0.8811927 0.05836087 0.4691415 0
0.2266913 -0.2587926 -0.03828003 1

0.4285141 -0.3193577 0.8452137 0
-0.1233456 -0.9473712 -0.2954219 0
-0.8950765 -0.02233912 0.4453533 0
0.2300233 -0.2576799 -0.01615308 1

0.1603591 0.6459243 -0.7463689 0
0.2925564 -0.7532807 -0.5890492 0
0.9427068 0.1238958 0.3097647 0
-0.1992016 -0.1659909 -0.0413736 1

0.3429459 0.3910502 -0.8540889 0
0.1503072 -0.9203582 -0.3610383 0
0.9272519 0.004559159 0.3744108 0
-0.2122633 -0.2260512 -0.06903413 1

0.3449617 0.38801 -0.8546636 0
0.04611608 -0.9164633 -0.3974529 0
0.9374834 -0.09769221 0.3340383 0
-0.225033 -0.237808 -0.05308989 1

0.3430386 0.3908316 -0.8541517 0
0.1478472 -0.9204596 -0.3617943 0
0.927613 0.002174586 0.3735366 0
-0.2309601 -0.2412418 -0.03521471 1

0.3592573 0.2927196 -0.886143 0
0.1415374 -0.9556415 -0.2582952 0
0.9224433 0.03262801 0.384752 0
-0.2332389 -0.240225 -0.0129501 1

0.2737285 -0.3181103 0.9076776 0
-0.0214552 -0.945506 -0.3248972 0
-0.9615678 -0.06945923 0.2656372 0
0.1765646 -0.2189581 -0.06694452 1

0.4410113 -0.2737157 0.8547447 0
-0.3627984 -0.925451 -0.1091694 0
-0.820906 0.2619551 0.507438 0
0.1966849 -0.2805596 -0.07893626 1

0.4326386 -0.3055848 0.8481992 0
-0.2989801 -0.936197 -0.1847879 0
-0.85055 0.1736483 0.4963986 0
0.2155804 -0.2907238 -0.06756228 1

0.4364879 -0.2913263 0.8512387 0
-0.3523683 -0.9258985 -0.1361942 0
-0.8278376 0.2405024 0.5067977 0
0.2200512 -0.290821 -0.04676811 1

0.435426 -0.2905637 0.8520427 0
-0.3279549 -0.9326364 -0.1504501 0
-0.8383614 0.2139217 0.5013859 0
0.2255829 -0.2917854 -0.02678831 1

0.2046119 0.5277585 -0.8243816 0
0.2471918 -0.842762 -0.4781722 0
0.9471169 0.1059407 0.3028966 0
-0.1869519 -0.1975316 -0.06603765 1

0.3496567 0.3662226 -0.8623347 0
0.3434786 -0.9064549 -0.2456871 0
0.8716437 0.2102874 0.4427376 0
-0.2067019 -0.2601043 -0.08239253 1

0.349626 0.3603617 -0.8648124 0
0.2643248 -0.9235103 -0.2779595 0
0.8988294 0.1314097 0.4181358 0
-0.2233267 -0.2717171 -0.06779567 1

0.3523301 0.3594739 -0.8640845 0
0.3902675 -0.8956152 -0.2134598 0
0.8506204 0.262016 0.4558431 0
-0.226303 -0.2702364 -0.04661125 1

0.3558927 0.3333286 -0.8730592 0
0.3746592 -0.9067531 -0.193467 0
0.8561372 0.2582464 0.4475916 0
-0.2281435 -0.274628 -0.02224873 1

0.2735153 -0.4281528 0.8613216 0
-0.09752564 -0.9031977 -0.4179989 0
-0.9569108 -0.03032815 0.2887945 0
0.1758316 -0.2512591 -0.0780439 1

0.4559294 -0.2450386 0.8556194 0
-0.5515642 -0.8322808 0.05555475 0
-0.6985024 0.4972581 0.5146159 0
0.1863452 -0.3069351 -0.08204763 1

0.4088658 -0.2157587 0.8867227 0
-0.6126559 -0.7850382 0.09147789 0
-0.676374 0.580658 0.453161 0
0.2067604 -0.3183416 -0.07301349 1

0.3078628 -0.1385657 0.9412862 0
-0.5891593 -0.8045986 0.07425019 0
-0.7470689 0.5774267 0.3293433 0
0.2098688 -0.3175764 -0.0507037 1

0.4575402 -0.2493453 0.8535126 0
-0.599273 -0.795602 0.08882366 0
-0.6569085 0.5521274 0.5134457 0
0.2186959 -0.3113707 -0.02994773 1

0.02664305 0.5234006 -0.85167 0
0.2283211 -0.8326385 -0.504562 0
0.9732214 0.1810112 0.1416874 0
-0.1785019 -0.2263404 -0.08238345 1

0.3644442 0.3376145 -0.867869 0
0.5531918 -0.8281915 -0.08987722 0
0.7491056 0.4473431 0.4885952 0
-0.1969128 -0.2859383 -0.08939464 1

0.363414 0.3283378 -0.8718511 0
0.5023636 -0.8571863 -0.1134146 0
0.7845771 0.3967701 0.4764584 0
-0.2155292 -0.2989607 -0.07599548 1

0.3812607 0.3163907 -0.868641 0
0.693873 -0.7188287 0.04272869 0
0.6108851 0.6190176 0.493596 0
-0.2147901 -0.2966568 -0.05290829 1

0.3656653 0.3140091 -0.8761777 0
0.5151976 -0.8522872 -0.09043361 0
0.775152 0.4183364 0.4734286 0
-0.2202757 -0.2936698 -0.02631152 1

0.4776214 -0.4958007 0.7252997 0
-0.1450558 -0.8587219 -0.4914835 0
-0.8665083 -0.1295341 0.4820626 0
0.1733204 -0.2745163 -0.08880726 1

0.4546239 -0.243896 0.8566399 0
-0.5514851 -0.8323228 0.05570403 0
-0.6994151 0.4977485 0.5128989 0
0.1710548 -0.3300076 -0.08050756 1

0.4078124 -0.2144183 0.8875323 0
-0.6125202 -0.7851096 0.09177326 0
-0.6771325 0.5810578 0.451513 0
0.1887078 -0.3414737 -0.070318 1

0.3067024 -0.1396831 0.9415 0
-0.5896503 -0.8043761 0.07274532 0
-0.7471589 0.577467 0.3290684 0
0.194322 -0.3388084 -0.0487444 1

0.4554264 -0.2476766 0.8551273 0
-0.5993107 -0.7955817 0.08875315 0
-0.6583415 0.5529074 0.5107639 0
0.2060165 -0.328204 -0.02806843 1

0.2429619 0.6196191 -0.7463523 0
0.2495761 -0.7834345 -0.5691593 0
0.9373801 0.04798771 0.3449868 0
-0.1726099 -0.2478274 -0.0954041 1

0.363893 0.3372549 -0.8682401 0
0.5531824 -0.8282 -0.08985449 0
0.7493807 0.4475979 0.4879396 0
-0.1815625 -0.3089195 -0.0918886 1

0.3617781 0.3275725 -0.8728189 0
0.5023839 -0.857168 -0.1134634 0
0.7853197 0.3974418 0.4746717 0
-0.200695 -0.3242722 -0.07934445 1

0.3818412 0.3170245 -0.8681548 0
0.6938849 -0.7188189 0.04270057 0
0.6105091 0.6187046 0.494453 0
-0.1964418 -0.315665 -0.05177862 1

0.3647546 0.3128497 -0.8769716 0
0.5149822 -0.8524721 -0.08991555 0
0.7757238 0.4188278 0.472055 0
-0.209325 -0.3117856 -0.02823372 1

0.9832285 0.1747368 0.0522372 0
-0.1771754 0.983086 0.04637693 0
0.04324991 0.05485427 -0.9975572 0
-0.004007243 0.008966684 -0.01998437 1

0.9986166 -0.006424367 0.05218769 0
-0.00794524 0.9626762 0.2705391 0
0.05197789 0.2705795 -0.9612933 0
-0.02204801 0.1090688 -0.01526207 1

-0.9841465 0.01911505 -0.1763246 0
0.008367047 -0.9880644 -0.1538144 0
0.1771602 0.1528512 -0.97224 0
0.08803795 -0.04409307 -0.003752146 1

-0.9947059 0.01694217 0.1013589 0
-0.0470302 -0.952017 -0.3024105 0
-0.09137192 0.3055764 -0.9477733 0
-0.07336462 -0.07277751 -0.01232725 1

0.9973592 -0.05192493 0.05077759 0
0.03739573 0.966522 0.2538438 0
0.06225847 0.2512746 -0.9659114 0
-0.02284275 0.2053622 0.01179908 1

-0.961152 0.01715851 -0.2754861 0
-0.08690672 -0.9661161 0.2430375 0
0.2619813 -0.2575376 -0.9300753 0
0.09175052 -0.4825118 -0.07200184 1

-0.974535 0.04126784 0.220406 0
0.03886429 -0.9369589 0.347272 0
-0.2208425 -0.3469948 -0.9114951 0
-0.09423259 -0.4952007 -0.146511 1

0.9938635 -0.09678115 0.05355993 0
0.08343719 0.9738294 0.2114106 0
0.0726188 0.2056445 -0.9759286 0
-0.01935669 0.2954623 0.03546263 1

-0.9740028 -4.948676E-05 -0.2265361 0
0.1756641 -0.6315924 -0.755138 0
0.1430411 0.7753009 -0.6151813 0
0.05305289 -0.9127021 0.03621745 1

-0.9731473 0.0001931787 0.230184 0
-0.1785778 -0.6316077 -0.7544416 0
-0.1452402 0.7752885 -0.6146814 0
-0.07692713 -0.9124084 0.008121775 1

0.9981818 0.01077896 0.05930432 0
-0.01746489 0.9933953 0.1134045 0
0.05769024 0.1142341 -0.9917774 0
-0.005284734 0.4597018 0.07111772 1

-0.1868483 -0.008727219 0.98235 0
0.9179612 -0.3577169 0.1714232 0
-0.3499072 -0.9337894 -0.07484996 0
0.03481831 0.398409 0.06945166 1

-0.03693678 0.03548345 -0.9986874 0
-0.9883742 -0.1487907 0.03126869 0
0.1474859 -0.988232 -0.0405666 0
-0.05602511 0.4072533 0.06455559 1

-0.9740028 -4.951656E-05 -0.226536 0
0.2265279 0.008245947 -0.9739699 0
-0.001916245 0.9999662 0.008020368 0
0.07732417 -0.9999684 -0.06811896 1

-0.9731473 0.0001939386 0.2301844 0
-0.230184 -0.003035493 -0.9731424 0
-0.0005100071 0.9999956 -0.002998494 0
-0.101601 -0.9996767 -0.0961184 1

0.9968142 -0.0009915233 0.07975289 0
-0.02140868 0.9599022 0.2795162 0
0.07683213 0.2803332 -0.9568228 0
-0.005277283 0.5557494 0.05353508 1

0.08229195 0.06930455 0.9941956 0
0.1652052 -0.9847262 0.0549701 0
-0.9828201 -0.1597227 0.0924845 0
0.1343086 0.3596389 0.0880308 1

0.0380831 -0.04927265 -0.9980591 0
-0.1161633 -0.9922305 0.04455258 0
0.9924998 -0.1142411 0.04351104 0
-0.1631422 0.3911278 0.0679444 1

-0.9737849 0.02316429 -0.2262888 0
0.2265279 0.008245947 -0.9739699 0
0.02069531 0.9996979 0.01327715 0
0.09834169 -0.9992033 -0.1584851 1

-0.9728609 -0.02354267 0.2301907 0
-0.230184 -0.003035493 -0.9731424 0
-0.02360915 0.9997185 0.002466103 0
-0.1229578 -0.9999583 -0.1864079 1

0.1499313 -0.3986948 0.9047448 0
0.1076357 -0.9030676 -0.4157927 0
-0.9828201 -0.1597231 0.09248433 0
0.1803042 0.08547628 0.1033353 1

0.07814971 0.3192374 -0.9444469 0
-0.09400482 -0.9407637 -0.3257708 0
0.9924997 -0.1142414 0.04351072 0
-0.1954838 0.1148757 0.08034853 1

0.9968142 -0.0009915233 0.07975289 0
-0.02140868 0.9599022 0.2795162 0
0.07683213 0.2803332 -0.9568228 0
-0.001987495 0.7853494 0.01527086 1

0.4268545 -0.3576061 0.83061 0
0.09424819 -0.8958974 -0.434149 0
-0.8993956 -0.263602 0.3487141 0
0.210796 -0.1703522 -0.01445416 1

0.3420769 0.3893472 -0.8552147 0
-0.02557118 -0.9059262 -0.4226623 0
0.939324 -0.1664519 0.2999406 0
-0.2221143 -0.1516317 -0.01193849 1

0.2854175 -0.6495512 0.704713 0
-0.2553448 -0.7602593 -0.5973315 0
-0.9237617 0.009456038 0.3828508 0
0.1875151 -0.1869929 -0.04194209 1

0.4345397 -0.295159 0.8509151 0
-0.2195334 -0.9509915 -0.2177627 0
-0.8734875 0.09217775 0.4780408 0
0.2050765 -0.2452368 -0.07096223 1

0.4267847 -0.3332378 0.8407185 0
-0.1062488 -0.9416732 -0.319317 0
-0.8980903 -0.04695428 0.4372977 0
0.21978 -0.2557538 -0.05583906 1

0.429915 -0.3143651 0.8463734 0
-0.1963182 -0.9475455 -0.2522233 0
-0.8812675 0.05772397 0.4690795 0
0.2269501 -0.2586945 -0.03833514 1

0.4284464 -0.320191 0.8449329 0
-0.1231516 -0.9470749 -0.2964507 0
-0.8951354 -0.02295837 0.4452028 0
0.230278 -0.2576054 -0.01620641 1

0.1572526 0.6463697 -0.7466444 0
0.2915149 -0.7527425 -0.590252 0
0.9435523 0.1248392 0.3067973 0
-0.1987658 -0.1661555 -0.04056889 1

0.3397613 0.3917921 -0.8550215 0
0.1503243 -0.9200367 -0.3618489 0
0.9284207 0.005588114 0.3714888 0
-0.2118472 -0.2262189 -0.06821299 1

0.3417785 0.3887644 -0.8555991 0
0.04602762 -0.9162564 -0.3979392 0
0.9386526 -0.09662598 0.3310507 0
-0.2245523 -0.2379971 -0.052233 1

0.339857 0.3915484 -0.8550949 0
0.1478742 -0.920152 -0.3625654 0
0.928779 0.003226042 0.3706201 0
-0.2304182 -0.2414452 -0.0343404 1

0.3560914 0.2935112 -0.8871585 0
0.1419218 -0.9553636 -0.259111 0
0.9236109 0.03363983 0.3818525 0
-0.2326269 -0.2404404 -0.01206817 1

0.2736488 -0.3190101 0.9073858 0
-0.02116457 -0.9451643 -0.3259089 0
-0.961597 -0.06998008 0.2653947 0
0.1768188 -0.2188401 -0.06696424 1

0.4409348 -0.2745477 0.8545176 0
-0.3626426 -0.9253907 -0.1101933 0
-0.8210161 0.2612964 0.5075996 0
0.1969539 -0.2804236 -0.07901945 1

0.4325706 -0.3064219 0.8479319 0
-0.2988889 -0.9360294 -0.1857807 0
-0.8506163 0.1730742 0.4964849 0
0.2158488 -0.2905957 -0.0676538 1

0.4364155 -0.2921628 0.8509893 0
-0.3522646 -0.9257908 -0.1371907 0
-0.8279198 0.2399012 0.5069479 0
0.2203159 -0.2907145 -0.04685845 1

0.435356 -0.2913936 0.8517953 0
-0.3278506 -0.9325125 -0.1514405 0
-0.8384387 0.2133311 0.5015085 0
0.2258445 -0.2917001 -0.02687863 1

0.201406 0.5282358 -0.8248654 0
0.2465883 -0.8423436 -0.4792196 0
0.947961 0.1068843 0.2999099 0
-0.1865597 -0.1976735 -0.0652833 1

0.346484 0.3669576 -0.8633024 0
0.3439796 -0.9059048 -0.2470108 0
0.8727125 0.211373 0.4401076 0
-0.2062851 -0.2602602 -0.08160138 1

0.3464508 0.3611084 -0.8657786 0
0.2647542 -0.9230567 -0.279054 0
0.8999317 0.1325399 0.4153988 0
-0.2228493 -0.2718986 -0.06695676 1

0.3491614 0.3601962 -0.8650694 0
0.3908008 -0.8950294 -0.2149347 0
0.8516814 0.2630228 0.4532747 0
-0.2257603 -0.27043 -0.04576121 1

0.3527261 0.3340897 -0.8740529 0
0.3753442 -0.9061642 -0.1948923 0
0.8571471 0.259327 0.4450265 0
-0.2275177 -0.2748334 -0.02139613 1

0.2734737 -0.4289343 0.8609458 0
-0.0972006 -0.902808 -0.4189153 0
-0.9569558 -0.03087792 0.2885869 0
0.1760957 -0.2511295 -0.07809819 1

0.4558578 -0.2458554 0.8554231 0
-0.5515334 -0.8323584 0.05468761 0
-0.6985732 0.4967241 0.5150344 0
0.1866186 -0.3067973 -0.08215998 1

0.4088276 -0.2166334 0.8865271 0
-0.6126937 -0.7850989 0.09069933 0
-0.6763629 0.5802497 0.4536999 0
0.2070316 -0.3182085 -0.07313429 1

0.3077829 -0.139488 0.9411764 0
-0.5891404 -0.8046901 0.07340053 0
-0.7471169 0.5770764 0.3298479 0
0.2101366 -0.3174669 -0.05082279 1

0.4574722 -0.2501666 0.8533089 0
-0.5992581 -0.7957054 0.08799286 0
-0.6569696 0.5516066 0.5139275 0
0.2189597 -0.3112829 -0.03005891 1

0.02336914 0.5235994 -0.851644 0
0.2274937 -0.8323128 -0.5054717 0
0.9734993 0.1819312 0.1385661 0
-0.1781304 -0.2264682 -0.08166489 1

0.3613117 0.3383453 -0.8688937 0
0.554249 -0.8272876 -0.09167061 0
0.7498413 0.4484617 0.4864363 0
-0.1964818 -0.2860785 -0.08864121 1

0.3602751 0.3290836 -0.8728722 0
0.5033677 -0.8563718 -0.1150992 0
0.7853807 0.3979082 0.4741795 0
-0.215039 -0.2991288 -0.07518885 1

0.3781468 0.3171411 -0.8697278 0
0.6950417 -0.7178313 0.04044267 0
0.6114919 0.6197902 0.4918717 0
-0.2142316 -0.2968334 -0.05210175 1

0.3625352 0.3147531 -0.8772107 0
0.5163498 -0.851411 -0.09209763 0
0.7758552 0.4195589 0.4711893 0
-0.2196355 -0.2938629 -0.02548886 1

0.4776235 -0.4963909 0.7248946 0
-0.1447293 -0.858272 -0.4923643 0
-0.8665618 -0.1302513 0.4817733 0
0.1735928 -0.2743766 -0.08888516 1

0.454552 -0.2447139 0.8564449 0
-0.5514542 -0.8324009 0.05483671 0
-0.6994863 0.4972162 0.5133179 0
0.171329 -0.3298717 -0.08064391 1

0.4077743 -0.2152939 0.8873381 0
-0.612558 -0.7851707 0.09099466 0
-0.677121 0.5806512 0.4520522 0
0.1889778 -0.3413424 -0.07046176 1

0.3066225 -0.1406055 0.941389 0
-0.5896311 -0.8044666 0.07189564 0
-0.7472067 0.5771171 0.3295729 0
0.1945902 -0.3387012 -0.04888594 1

0.4553582 -0.2484995 0.854925 0
-0.5992958 -0.7956849 0.08792233 0
-0.6584023 0.5523891 0.5112463 0
0.2062808 -0.3281182 -0.02819716 1

0.2399347 0.6200073 -0.747009 0
0.248491 -0.783075 -0.5701277 0
0.9384475 0.0488315 0.3419534 0
-0.1722598 -0.2479465 -0.09470897 1

0.3607599 0.3379851 -0.8692632 0
0.5542396 -0.8272963 -0.09164783 0
0.7501138 0.4487173 0.4857801 0
-0.1811021 -0.3090346 -0.09118494 1

0.3586375 0.3283158 -0.8738352 0
0.5033876 -0.8563536 -0.1151482 0
0.786117 0.3985814 0.4723906 0
-0.2001752 -0.324416 -0.07858757 1

0.3787277 0.3177756 -0.8692434 0
0.6950536 -0.7178214 0.04041452 0
0.6111189 0.6194765 0.49273 0
-0.1958525 -0.3158151 -0.05103254 1

0.3616242 0.3135923 -0.878002 0
0.5161365 -0.8515965 -0.09157895 0
0.776422 0.4200514 0.4698143 0
-0.2086603 -0.31196 -0.02744646 1

0.9832327 0.1748754 0.05169086 0
-0.1772864 0.9830633 0.04643316 0
0.04269537 0.05481869 -0.9975831 0
-0.003986188 0.008923888 -0.01966252 1

0.9986379 -0.006344229 0.05178987 0
-0.007755592 0.9635056 0.2675759 0
0.05159738 0.2676131 -0.9621439 0
-0.02203827 0.1090237 -0.0149345 1

-0.9842541 0.01922317 -0.1757122 0
0.008265778 -0.9879761 -0.1543867 0
0.1765672 0.1534081 -0.9722602 0
0.08807526 -0.0441224 -0.003478553 1

-0.9946955 0.01680709 0.1014828 0
-0.04698655 -0.9518632 -0.302901 0
-0.09150686 0.3060625 -0.9476035 0
-0.07332801 -0.0728296 -0.01196397 1

0.9973482 -0.05182305 0.0510982 0
0.03722025 0.9665452 0.2537813 0
0.06254044 0.2512064 -0.9659109 0
-0.02281403 0.2054 0.01183025 1

-0.961169 0.01702833 -0.2754354 0
-0.08671802 -0.9661721 0.2428822 0
0.2619821 -0.2573361 -0.930131 0
0.0917429 -0.4825019 -0.0719822 1

-0.9748772 0.04103012 0.2189323 0
0.03859878 -0.9369003 0.3474597 0
-0.2193741 -0.3471811 -0.9117787 0
-0.0941766 -0.4951845 -0.1463654 1

0.9938326 -0.09667993 0.05431112 0
0.08296208 0.9732288 0.2143434 0
0.07357983 0.2085157 -0.9752472 0
-0.01934433 0.2955023 0.03548798 1

-0.9740119 -8.538365E-05 -0.2264973 0
0.1756758 -0.6314853 -0.7552248 0
0.1429652 0.7753882 -0.615089 0
0.05312924 -0.9127171 0.03616792 1

-0.9735173 0.0003207475 0.228614 0
-0.1772858 -0.6324311 -0.7540564 0
-0.1443408 0.7746168 -0.6157393 0
-0.0769894 -0.912366 0.008350981 1

0.9981383 0.01090749 0.06001015 0
-0.01780319 0.9931359 0.1156041 0
0.05833726 0.1164572 -0.9914809 0
-0.005352505 0.4596404 0.07163768 1

-0.1890336 -0.0117387 0.9819005 0
0.9179966 -0.3571269 0.1724614 0
-0.3486384 -0.9339823 -0.07828502 0
0.03476832 0.3983632 0.06983419 1

-0.03734339 0.03872204 -0.9985521 0
-0.9884695 -0.1481677 0.03122065 0
0.1467442 -0.9882041 -0.04380859 0
-0.05607229 0.4071982 0.06486946 1

-0.9740119 -8.538365E-05 -0.2264972 0
0.2264886 0.00838406 -0.9739778 0
-0.001982167 0.9999652 0.008146853 0
0.07740217 -0.9999686 -0.06818047 1

-0.9735172 0.0003212541 0.2286145 0
-0.2286144 -0.003156524 -0.9735121 0
-0.000408873 0.9999951 -0.003146334 0
-0.1014847 -0.9997482 -0.09583598 1

0.9967865 -0.001151308 0.08009759 0
-0.02131054 0.9600544 0.2790014 0
0.07721922 0.2798117 -0.9569443 0
-0.005358265 0.555727 0.05426896 1

0.08219268 0.06847953 0.994261 0
0.1657244 -0.9846862 0.0541201 0
-0.9827411 -0.1603249 0.0922828 0
0.1342624 0.3596572 0.08852586 1

0.03592848 -0.04994544 -0.9981055 0
-0.114405 -0.99239 0.04554124 0
0.9927845 -0.1125519 0.04136909 0
-0.1631997 0.3911402 0.06825306 1

-0.9737955 0.02312838 -0.226247 0
0.2264886 0.00838406 -0.9739778 0
0.02062964 0.9996977 0.0134027 0
0.09841601 -0.9991907 -0.1585473 1

-0.9732332 -0.02341537 0.2286248 0
-0.2286144 -0.003156524 -0.9735121 0
-0.0235168 0.9997211 0.002281132 0
-0.1226959 -1.000041 -0.1861597 1

0.1500548 -0.3991454 0.9045258 0
0.1081843 -0.902762 -0.4163139 0
-0.982741 -0.1603253 0.09228256 0
0.1804025 0.0855056 0.1035937 1

0.07545344 0.3182076 -0.9450137 0
-0.09319972 -0.9413164 -0.3244039 0
0.9927844 -0.1125523 0.04136871 0
-0.1950517 0.1148438 0.08093245 1

0.9967865 -0.001151308 0.08009759 0
-0.02131054 0.9600544 0.2790014 0
0.07721922 0.2798117 -0.9569443 0
-0.0020087 0.7853062 0.01588452 1

0.426453 -0.3585302 0.8304179 0
0.09484585 -0.8953002 -0.4352498 0
-0.8995233 -0.2643752 0.3477982 0
0.2110499 -0.1702362 -0.01434339 1

0.3388095 0.3903331 -0.8560656 0
-0.02563876 -0.9057124 -0.4231171 0
0.9405058 -0.1653045 0.2968562 0
-0.2214542 -0.1518201 -0.01096732 1

0.285201 -0.6503623 0.7040522 0
-0.2546917 -0.7595755 -0.5984793 0
-0.9240091 0.008629575 0.3822734 0
0.1877924 -0.1868496 -0.04186773 1

0.4341042 -0.2961062 0.8508084 0
-0.2191189 -0.95078 -0.219099 0
-0.8738081 0.09131658 0.4776199 0
0.2053933 -0.2450497 -0.07095217 1

0.426365 -0.3341994 0.8405497 0
-0.1058101 -0.9412926 -0.3205825 0
-0.8983415 -0.04774639 0.4366957 0
0.2200908 -0.2555809 -0.05583324 1

0.4294857 -0.3153218 0.8462355 0
-0.1959357 -0.9472764 -0.253529 0
-0.881562 0.05692075 0.4686244 0
0.2272507 -0.2585417 -0.03832863 1

0.4280226 -0.3211379 0.8447883 0
-0.1227323 -0.946735 -0.2977079 0
-0.8953959 -0.02374274 0.4446378 0
0.2305642 -0.2574801 -0.01619636 1

0.1540039 0.6469536 -0.7468162 0
0.2906719 -0.7520514 -0.591548 0
0.944348 0.1259777 0.30387 0
