MeshAnim
1
21
65
30
0.9961885 0.06314041 -0.06018118 0
-0.06916998 0.9921661 -0.1040285 0
-0.05314133 -0.1077947 -0.9927519 0
-0.001658823 -0.05521107 -0.01811204 1

0.9970518 0.01954164 -0.07420214 0
-0.02202715 0.9992183 -0.03282704 0
-0.07350264 -0.03436471 -0.9967027 0
-0.008702012 0.04581559 -0.02870467 1

-0.9988165 0.0452079 -0.01794909 0
-0.03843575 -0.9597095 -0.2783534 0
0.02980968 0.2773341 -0.960311 0
0.08559388 -0.1155857 -0.0009944458 1

-0.9861034 -0.112696 0.1220649 0
0.02365946 -0.8225151 -0.568251 0
-0.1644398 0.5574663 -0.8137512 0
-0.0779362 -0.1259509 0.008884639 1

0.9936643 -0.0255978 -0.1094352 0
0.00239674 0.978322 -0.2070755 0
-0.1123635 -0.2055013 -0.972185 0
-0.01090532 0.1457641 -0.03198826 1

-0.9996752 0.02545357 0.00134515 0
-0.01920332 -0.7868018 0.6169071 0
-0.01676086 -0.6166808 -0.7870349 0
0.06853937 -0.5414228 -0.1245039 1

-0.9800269 0.1269563 0.1530674 0
0.103008 -0.3343253 0.9368116 0
-0.1701084 -0.9338676 -0.3145702 0
-0.06743817 -0.4909123 -0.2432562 1

0.9877762 -0.07606407 -0.1360603 0
0.01561365 0.916751 -0.399154 0
-0.1550947 -0.3921504 -0.9067324 0
-0.01068189 0.2369642 -0.05129202 1

-0.9996141 0.02778286 0.0002378225 0
-0.0214141 -0.7649584 -0.6437237 0
0.01770258 0.6434804 -0.7652581 0
0.05998854 -0.8917684 0.1501913 1

-0.9830934 0.1638729 0.08168979 0
-0.1609247 -0.9860939 0.04149931 0
-0.08735441 -0.02765181 -0.9957935 0
-0.02157093 -0.6397801 0.1738858 1

0.9948899 -0.04790599 -0.08887766 0
0.02160916 0.9609017 -0.276045 0
-0.0986269 -0.2727138 -0.9570265 0
-0.008048602 0.3915772 -0.1186106 1

0.05900037 0.5544528 0.8301212 0
0.9777077 -0.1999591 0.06406599 0
-0.2015117 -0.8078358 0.5538906 0
0.03745831 0.3392894 -0.09488461 1

-0.3310808 -0.5305622 -0.7803136 0
-0.9196522 -0.003700286 0.3927168 0
0.211248 -0.847638 0.4867078 0
-0.05282858 0.34624 -0.08244737 1

-0.9743665 -0.0002289414 0.2249662 0
-0.224965 -0.002466138 -0.9743638 0
-0.0007778741 0.9999971 -0.002351579 0
0.05702979 -0.9974619 0.06124884 1

-0.9885037 0.05308836 0.1415706 0
-0.1296129 -0.7796614 -0.6126406 0
-0.07785302 0.6239469 -0.7775791 0
-0.04380567 -0.7760274 0.1796197 1

0.997773 0.06241614 0.0235221 0
-0.0615229 0.9974213 -0.03695591 0
0.0257681 -0.03542644 -0.9990401 0
-0.008831914 0.4735961 -0.1715881 1

0.09400651 0.6174706 0.7809566 0
0.4524252 -0.7252495 0.5189654 0
-0.886834 -0.304538 0.3475376 0
0.143424 0.3176174 -0.08794103 1

-0.3328681 -0.7876101 -0.5185261 0
-0.1297998 -0.50638 0.8524857 0
0.9339974 -0.3510697 -0.06632608 0
-0.1524978 0.345839 -0.03988589 1

-0.9741221 0.02298563 0.224851 0
-0.224965 -0.002466138 -0.9743638 0
0.02184184 0.9997328 -0.00757332 0
0.03615727 -0.9976907 -0.02915383 1

-0.9863772 0.03826297 0.1599879 0
-0.1296129 -0.7796614 -0.6126406 0
-0.1012948 0.6250311 -0.7739995 0
-0.05583134 -0.8483655 0.122778 1

0.4053594 -0.7289712 0.5516206 0
-0.160497 -0.650798 -0.7420935 0
-0.8999581 -0.2122809 0.380805 0
0.2693861 0.1156969 0.05654682 1

0.1856175 0.6886756 -0.7009084 0
-0.1044904 -0.6954259 -0.7109604 0
0.9770509 -0.2052047 0.0571233 0
-0.188636 0.2048552 0.1974591 1

0.997773 0.06241614 0.0235221 0
-0.0615229 0.9974213 -0.03695591 0
0.0257681 -0.03542644 -0.9990401 0
-0.01912035 0.6790969 -0.2804672 1

0.3786092 -0.7929072 0.4774449 0
-0.2379702 -0.5818974 -0.7776667 0
-0.8944415 -0.1808139 0.4090002 0
0.223919 -0.0686664 -0.1536798 1

0.3943658 0.8336326 -0.386695 0
-0.01148076 -0.4162968 -0.9091565 0
0.9188821 -0.3629795 0.1546026 0
-0.2182369 0.007849097 -0.003947672 1

0.01497443 -0.9749359 0.2219822 0
-0.8336813 -0.1347445 -0.5355554 0
-0.5520431 0.1770428 0.8148036 0
0.1938214 -0.06459039 -0.1792145 1

0.4184647 -0.8098033 0.4112257 0
-0.9081962 -0.3771852 0.1814141 0
-0.008198844 0.4493887 0.8932989 0
0.1890561 -0.1046852 -0.2331833 1

0.3355834 -0.8194877 0.4645687 0
-0.9402371 -0.2611382 0.2185434 0
0.05777659 0.5101441 0.8581464 0
0.2012342 -0.124136 -0.2278106 1

0.3353413 -0.7695515 0.5434494 0
-0.9304755 -0.1802178 0.3189624 0
0.1475184 0.6126273 0.7764832 0
0.2089315 -0.1365067 -0.2153943 1

0.3430843 -0.716935 0.6068754 0
-0.882664 -0.02510799 0.4693341 0
0.3212443 0.6966878 0.6414269 0
0.2147565 -0.1467246 -0.1963259 1

0.03476906 0.9978952 0.05474079 0
0.6733966 0.01708075 -0.7390843 0
0.7384636 -0.06255931 0.6713855 0
-0.1934609 0.01421714 -0.03430208 1

0.3211133 0.895259 -0.3088655 0
0.9304505 -0.3590164 -0.07327689 0
0.1764896 0.2638538 0.9482791 0
-0.2056105 -0.01311404 -0.09470347 1

0.3160622 0.8864725 -0.338041 0
0.9398065 -0.3413157 -0.01635856 0
0.1298802 0.3125227 0.9409895 0
-0.2193316 -0.03183776 -0.0906214 1

0.3330005 0.8191733 -0.4669761 0
0.9365264 -0.3449379 0.0627434 0
0.1096801 0.4582288 0.8820415 0
-0.2262421 -0.04575682 -0.0794434 1

0.3328877 0.758511 -0.560221 0
0.9413825 -0.3017442 0.1508304 0
0.05463711 0.5775915 0.8144957 0
-0.2297011 -0.05927593 -0.061916 1

0.1814211 -0.9259771 0.3311393 0
-0.7792444 -0.3407686 -0.5259804 0
-0.5998876 0.1626146 0.783385 0
0.1588986 -0.07023484 -0.2016489 1

0.3684342 -0.7806422 0.5048311 0
-0.01432769 0.5381986 0.8426965 0
0.9295437 0.317711 -0.1871062 0
0.1554528 -0.1186411 -0.226471 1

0.2675166 -0.7920316 0.5487453 0
-0.03849879 0.5602608 0.8274212 0
0.9627841 0.2424746 -0.1193871 0
0.1664454 -0.1337982 -0.2197245 1

0.2527745 -0.7294993 0.6355599 0
0.09562466 0.6725127 0.7338822 0
0.9627884 0.1247312 -0.2397524 0
0.1774881 -0.1425967 -0.2046157 1

0.2240184 -0.6432133 0.7321833 0
0.4175165 0.7421834 0.5242551 0
0.8806226 -0.1882561 -0.4348151 0
0.1829807 -0.1476285 -0.1794299 1

0.1959639 0.970763 -0.1386291 0
0.5926978 -0.2298791 -0.7719232 0
0.7812223 -0.06910374 0.6204169 0
-0.1652651 0.01493227 -0.06524828 1

0.2320277 0.885848 -0.4017922 0
0.2738213 0.3368767 0.9008532 0
-0.9333732 0.3190418 0.1643993 0
-0.1711838 -0.02639771 -0.09741469 1

0.2138677 0.8831578 -0.4174846 0
0.3246131 0.3388352 0.883073 0
-0.9213509 0.3243815 0.2142187 0
-0.1845587 -0.04446638 -0.0912267 1

0.2554638 0.8171079 -0.5167915 0
0.2496803 0.4606383 0.8517468 0
-0.9340227 0.3466229 0.08633917 0
-0.1967415 -0.05662239 -0.07746699 1

0.2272949 0.7694265 -0.596926 0
0.02835495 0.6074808 0.7938286 0
-0.9734136 0.1973587 -0.1162604 0
-0.1958113 -0.07013869 -0.05648611 1

0.1823902 -0.9262385 0.3298733 0
-0.7792443 -0.3407687 -0.5259801 0
-0.5995936 0.1611184 0.7839192 0
0.1322775 -0.0818764 -0.2196178 1

0.3684342 -0.7806422 0.5048311 0
-0.01432769 0.5381986 0.8426965 0
0.9295437 0.317711 -0.1871062 0
0.1550444 -0.1033025 -0.2024541 1

0.2675165 -0.7920317 0.5487449 0
-0.03849876 0.5602605 0.8274215 0
0.9627841 0.2424747 -0.119387 0
0.1653097 -0.1172705 -0.1953156 1

0.2527744 -0.729499 0.6355601 0
0.09562466 0.6725129 0.7338821 0
0.9627885 0.1247312 -0.2397524 0
0.1802514 -0.1231632 -0.1834088 1

0.2240183 -0.6432134 0.7321833 0
0.4175166 0.7421834 0.5242551 0
0.8806226 -0.1882562 -0.4348152 0
0.1917485 -0.1320427 -0.1684205 1

0.1971274 0.9706589 -0.1377043 0
0.5926975 -0.229879 -0.7719235 0
0.7809293 -0.07055013 0.6206225 0
-0.1450044 0.007074118 -0.09163561 1

0.2320278 0.8858479 -0.4017922 0
0.2738207 0.3368771 0.9008534 0
-0.9333734 0.3190416 0.1643987 0
-0.1633799 -0.01679671 -0.07174042 1

0.2138677 0.8831578 -0.4174846 0
0.3246131 0.3388352 0.883073 0
-0.9213509 0.3243815 0.2142187 0
-0.1749827 -0.03447068 -0.06517604 1

0.2554639 0.8171078 -0.5167916 0
0.2496802 0.4606384 0.8517468 0
-0.9340227 0.3466229 0.08633908 0
-0.189376 -0.0430336 -0.05234048 1

0.2272949 0.7694267 -0.5969257 0
0.02835444 0.6074806 0.7938288 0
-0.9734136 0.1973585 -0.1162607 0
-0.1952159 -0.05738169 -0.03981574 1

0.2395115 -0.9671368 0.08532881 0
-0.8066152 -0.2471308 -0.5369338 0
-0.5403761 -0.05977413 0.8392982 0
0.1122121 -0.09065115 -0.2331617 1

0.3703001 -0.7800975 0.5043082 0
-0.01426318 0.5380629 0.8427844 0
0.928803 0.3192758 -0.1881182 0
0.1546472 -0.08838254 -0.179093 1

0.2693174 -0.7917663 0.5482467 0
-0.03840913 0.5599972 0.827604 0
0.9622857 0.2439455 -0.1204063 0
0.1641753 -0.1007617 -0.1709346 1

0.2532083 -0.7283868 0.6366624 0
0.09521994 0.6736782 0.7328652 0
0.9627145 0.1249443 -0.239938 0
0.1827748 -0.1054168 -0.164043 1

0.226816 -0.6437399 0.7308584 0
0.4174979 0.7422366 0.5241947 0
0.8799148 -0.1862362 -0.4371113 0
0.2005822 -0.1163397 -0.1573285 1

0.3304637 0.9402166 0.08238263 0
0.6226049 -0.1515621 -0.7677191 0
0.7093359 -0.304995 0.6354691 0
-0.1297094 0.001141906 -0.1115557 1

0.2327396 0.8856155 -0.4018928 0
0.2738145 0.3368538 0.9008638 0
-0.9331979 0.3197104 0.1640952 0
-0.1557817 -0.007448792 -0.04674292 1

0.2157363 0.8824725 -0.4179719 0
0.3246253 0.3388847 0.8830496 0
-0.9209108 0.3261897 0.2133631 0
-0.1653973 -0.02446544 -0.03910012 1

0.254534 0.8174347 -0.5167335 0
0.2496888 0.4606645 0.8517302 0
-0.9342743 0.3458166 0.08684954 0
-0.1827735 -0.03085268 -0.02981769 1

0.2288364 0.7694752 -0.5962736 0
0.0282193 0.6070261 0.7941811 0
-0.9730561 0.1985638 -0.1171958 0
-0.1946132 -0.04446948 -0.02294267 1

0.9976794 0.04602225 -0.05017713 0
-0.05098464 0.9934176 -0.1025767 0
-0.04512603 -0.1048969 -0.9934587 0
-0.006115255 -0.03269088 -0.03546497 1

0.9962793 0.008690551 -0.08574462 0
-0.01061006 0.9997026 -0.02195608 0
-0.0855283 -0.02278416 -0.9960752 0
-0.01130673 0.06846321 -0.04590978 1

-0.9959987 0.01436026 -0.08820577 0
-0.01926645 -0.9982991 0.05502503 0
0.08726559 -0.05650428 -0.9945813 0
0.07990713 -0.09459907 -0.01761388 1

-0.9932768 -0.08402516 0.07963106 0
0.006555119 -0.7275935 -0.6859774 0
-0.1155784 0.6808434 -0.7232524 0
-0.08386769 -0.1021543 -0.009377027 1

0.986039 -0.03113789 -0.1635774 0
0.0009914935 0.9834408 -0.1812268 0
-0.1665117 -0.1785345 -0.9697418 0
-0.01236802 0.1684602 -0.04810598 1

-0.9995594 0.0295867 0.002359111 0
-0.02108331 -0.7637253 0.6451969 0
-0.02089096 -0.6448628 -0.7640128 0
0.07135832 -0.5375589 0.00680152 1

-0.9835169 0.05906915 0.1708964 0
0.09090233 -0.6554904 0.7497126 0
-0.1563058 -0.75289 -0.6393163 0
-0.0809591 -0.4249976 -0.3137548 1

0.9689747 -0.08254671 -0.232968 0
-0.006979246 0.9330657 -0.3596383 0
-0.2470614 -0.3501064 -0.9035409 0
-0.0122756 0.2601376 -0.06500011 1

-0.9994765 0.0320961 0.004056446 0
-0.02931803 -0.8456033 -0.5330064 0
0.01367728 0.5328462 -0.8461016 0
0.06197039 -0.8776292 0.2940935 1

-0.9627829 -0.06717828 0.2617944 0
-0.03918882 -0.9236842 -0.3811459 0
-0.26742 0.3772201 -0.8866745 0
-0.04048224 -0.7168734 0.02007619 1

0.9847589 -0.03843332 -0.1696266 0
-0.001857538 0.9728998 -0.2312197 0
-0.1739162 -0.2280107 -0.958 0
-0.01345267 0.417502 -0.1256543 1

0.1734213 0.5153512 0.8392487 0
0.9742065 -0.2146997 -0.06946985 0
-0.144385 -0.829649 0.539292 0
0.03321775 0.3636538 -0.108623 1

-0.4284138 -0.4876485 -0.7606974 0
-0.873473 0.00798763 0.4868068 0
0.2313145 -0.8730035 0.4293697 0
-0.05535057 0.371197 -0.08732806 1

-0.9685287 -0.0007139854 0.2489007 0
-0.2488503 -0.01752995 -0.9683834 0
-0.005054623 0.9998462 -0.01680054 0
0.05791956 -0.9944652 0.2204488 1

-0.9699796 0.04521821 0.2389456 0
-0.2300602 -0.4890689 -0.8413587 0
-0.07881615 0.8710726 -0.4847896 0
-0.04589691 -0.8444975 -0.03258619 1

0.9969186 0.07643358 0.01764077 0
-0.07585974 0.9966307 -0.0311832 0
0.01996482 -0.02974885 -0.9993579 0
-0.01856723 0.5019116 -0.1744718 1

0.2542319 0.4825108 0.8381825 0
0.4699666 -0.8190902 0.328973 0
-0.8452798 -0.3102821 0.4350029 0
0.138804 0.3403842 -0.1161522 1

-0.429091 -0.7690617 -0.473735 0
-0.09533421 -0.482983 0.8704244 0
0.8982162 -0.4186546 -0.1339257 0
-0.150015 0.3720627 -0.03456937 1

-0.968385 0.02249721 0.2484436 0
-0.2488503 -0.01752995 -0.9683834 0
0.01743072 0.9995933 -0.02257407 0
0.03483093 -0.9960915 0.130601 1

-0.9678354 0.02452911 0.2503856 0
-0.2300602 -0.4890689 -0.8413587 0
-0.101818 0.8719004 -0.4789812 0
-0.06724223 -0.889874 -0.1106487 1

0.3980457 -0.8556867 0.330697 0
-0.3142554 -0.465862 -0.827174 0
-0.8618606 -0.2253294 0.4543385 0
0.2696498 0.1123371 -0.0245612 1

0.1790008 0.5610871 -0.8081709 0
-0.1979348 -0.7841046 -0.588219 0
0.9637327 -0.2652569 0.02929667 0
-0.1765575 0.2375929 0.20777 1

0.9969186 0.07643358 0.01764077 0
-0.07585974 0.9966307 -0.0311832 0
0.01996482 -0.02974885 -0.9993579 0
-0.03244852 0.7078218 -0.282173 1

0.3419263 -0.9101514 0.2339046 0
-0.3905882 -0.3640336 -0.8455299 0
-0.854709 -0.1977483 0.479967 0
0.1806248 -0.01963603 -0.25889 1

0.4458296 0.7235373 -0.5270005 0
-0.09488602 -0.547232 -0.831585 0
0.8900746 -0.4207503 0.1753186 0
-0.2326301 0.01546514 0.04113453 1

-0.06491795 -0.9978907 -0.0002298984 0
-0.9004721 0.05867974 -0.4309373 0
-0.4300415 0.02776868 0.9023822 0
0.1483746 -0.007312298 -0.278449 1

0.3693695 -0.9156677 0.1584917 0
-0.9143276 -0.3276254 0.2380479 0
0.1660468 0.2328409 0.9582349 0
0.1328957 -0.03324938 -0.3387035 1

0.293268 -0.9300667 0.2212925 0
-0.9270892 -0.220144 0.303385 0
0.2334519 0.2941308 0.9268159 0
0.1433916 -0.05433774 -0.3394899 1

0.3077868 -0.8996896 0.3095583 0
-0.8949937 -0.1633588 0.4150909 0
0.3228837 0.4048121 0.8554961 0
0.1510765 -0.0698368 -0.3312943 1

0.3286571 -0.8638407 0.3817912 0
-0.8097791 -0.04970173 0.5846265 0
0.4860481 0.501308 0.7158545 0
0.157933 -0.08464313 -0.3159417 1

0.1252998 0.9866831 -0.1037131 0
0.6333441 -0.1600148 -0.7571464 0
0.7636591 -0.02918413 0.6449596 0
-0.2089849 0.01474106 0.009257056 1

0.3853511 0.8014631 -0.4573419 0
0.8801139 -0.4681675 -0.0788604 0
0.2773163 0.372124 0.8857874 0
-0.2265876 -0.02021259 -0.04561841 1

0.3780583 0.7889615 -0.484367 0
0.8953694 -0.4446034 -0.02533889 0
0.2353426 0.4241078 0.874498 0
-0.2416761 -0.03670424 -0.03814407 1

0.3814982 0.7018582 -0.6015432 0
0.8965262 -0.4394582 0.05583296 0
0.2251663 0.5605995 0.7968867 0
-0.2492011 -0.0480333 -0.02467296 1

0.370774 0.6283094 -0.6839251 0
0.911517 -0.3872885 0.1383629 0
0.1779416 0.674711 0.7163113 0
-0.2529307 -0.05832726 -0.005126497 1

0.1320486 -0.9861135 0.1007161 0
-0.8645505 -0.1642777 -0.4749376 0
-0.4848878 0.02435937 0.8742374 0
0.1106539 -0.004854262 -0.2965009 1

0.3365963 -0.9036687 0.2647384 0
0.1820684 0.3382942 0.9232599 0
0.9238803 0.2625651 -0.2783982 0
0.09906556 -0.04537147 -0.3298958 1

0.2412027 -0.9159585 0.3206893 0
0.1597992 0.3634207 0.9178181 0
0.9572282 0.1701341 -0.2340275 0
0.1090893 -0.06248313 -0.3282647 1

0.244128 -0.873458 0.4212759 0
0.291992 0.4804684 0.8269772 0
0.9247393 0.07887888 -0.3723385 0
0.1208322 -0.0753572 -0.3172672 1

0.2379683 -0.8088973 0.53764 0
0.5865321 0.5608943 0.5842757 0
0.7741782 -0.1763041 -0.6079192 0
0.1287809 -0.08643234 -0.294895 1

0.2733101 0.9151554 -0.2962968 0
0.5296234 -0.4002965 -0.7478381 0
0.8029947 -0.04746601 0.594093 0
-0.1824662 0.008041143 -0.02244538 1

0.290268 0.7909588 -0.5386361 0
0.4055696 0.4081365 0.8178862 0
-0.8667515 0.4558607 0.2023199 0
-0.1940233 -0.03753477 -0.04853622 1

0.2717273 0.787701 -0.5528938 0
0.4542519 0.4015046 0.7952669 0
-0.8484219 0.4672489 0.2487148 0
-0.2085475 -0.05315453 -0.03908159 1

0.3013629 0.7030106 -0.6441711 0
0.3907555 0.5251889 0.7559674 0
-0.8697649 0.4795341 0.1164327 0
-0.2209606 -0.06187618 -0.02291422 1

0.264677 0.6469564 -0.7151179 0
0.185408 0.693589 0.6961021 0
-0.9463456 0.3168308 -0.06362616 0
-0.2201161 -0.07226962 -0.0001454353 1

0.132832 -0.9861515 0.09930362 0
-0.8645504 -0.1642779 -0.4749377 0
-0.4846737 0.02276616 0.874399 0
0.08111853 -0.0104664 -0.3127261 1

0.3365963 -0.9036687 0.2647384 0
0.1820684 0.3382942 0.9232599 0
0.9238803 0.2625651 -0.2783982 0
0.1042545 -0.03573006 -0.3035829 1

0.2412026 -0.9159586 0.3206889 0
0.1597992 0.3634203 0.9178182 0
0.9572282 0.1701341 -0.2340275 0
0.1138034 -0.05176222 -0.301189 1

0.244128 -0.8734578 0.4212761 0
0.291992 0.4804687 0.8269771 0
0.9247394 0.07887879 -0.3723385 0
0.1292698 -0.06147313 -0.2933702 1

0.2379682 -0.8088974 0.53764 0
0.5865322 0.5608941 0.5842757 0
0.7741782 -0.1763041 -0.6079192 0
0.1410981 -0.07465357 -0.2826253 1

0.2745061 0.9150839 -0.2954112 0
0.5296234 -0.4002962 -0.7478382 0
0.8025868 -0.04882965 0.5945336 0
-0.1643616 -0.005642533 -0.0480094 1

0.2902679 0.7909587 -0.5386361 0
0.4055691 0.4081369 0.8178862 0
-0.8667517 0.4558604 0.2023193 0
-0.1824646 -0.02590287 -0.02522647 1

0.2717273 0.787701 -0.5528938 0
0.4542519 0.4015046 0.7952669 0
-0.8484219 0.4672489 0.2487148 0
-0.1951471 -0.04131019 -0.01562122 1

0.301363 0.7030103 -0.6441712 0
0.3907554 0.5251889 0.7559674 0
-0.8697648 0.4795341 0.1164326 0
-0.2094333 -0.0463832 -0.0006131753 1

0.264677 0.6469565 -0.7151176 0
0.1854075 0.6935889 0.6961023 0
-0.9463456 0.3168305 -0.06362645 0
-0.2162225 -0.05770427 0.01447276 1

0.1564695 -0.9756327 -0.1538131 0
-0.8841526 -0.06894847 -0.4620826 0
-0.4402176 -0.2082959 0.8733966 0
0.05885657 -0.01469654 -0.3249557 1

0.3384166 -0.903199 0.2640188 0
0.1821274 0.338137 0.923306 0
0.9232033 0.2643767 -0.2789285 0
0.1093018 -0.02635193 -0.2779883 1

0.2429271 -0.9157619 0.3199481 0
0.1598801 0.3631157 0.9179248 0
0.9567786 0.1718353 -0.2346228 0
0.1185121 -0.04105353 -0.2741444 1

0.2448647 -0.8726655 0.4224888 0
0.291601 0.4818643 0.8263029 0
0.9246678 0.079134 -0.3724615 0
0.1369749 -0.04879445 -0.2715477 1

0.2404456 -0.8094006 0.5357773 0
0.5865124 0.560961 0.5842314 0
0.7734273 -0.1737642 -0.6096038 0
0.1535079 -0.06278628 -0.2702633 1

0.4157941 0.9060744 -0.07838544 0
0.5664893 -0.3254555 -0.757079 0
0.7114811 -0.2703845 0.6486038 0
-0.1506943 -0.0159725 -0.06730799 1

0.290933 0.7906248 -0.5387673 0
0.4055614 0.4081163 0.8179003 0
-0.8665324 0.4564576 0.2019124 0
-0.1712106 -0.01457763 -0.002531268 1

0.273439 0.7867197 -0.5534465 0
0.4542671 0.4015487 0.7952362 0
-0.8478636 0.4688613 0.2475818 0
-0.1817336 -0.02945429 0.007861964 1

0.300492 0.7034665 -0.6440804 0
0.3907655 0.5252114 0.7559468 0
-0.8700617 0.4788405 0.1170686 0
-0.1991004 -0.03249538 0.01937685 1

0.2662688 0.646869 -0.7146058 0
0.1852502 0.6932068 0.6965246 0
-0.9459299 0.3178439 -0.06474686 0
-0.2122816 -0.04296178 0.02926859 1

0.9978573 0.02501911 -0.0604556 0
-0.03096955 0.9945469 -0.09958564 0
-0.05763438 -0.1012445 -0.9931907 0
-0.00917597 0.002487659 -0.05008563 1

0.9936265 -0.002200354 -0.1127015 0
0.001280321 0.9999653 -0.008235161 0
-0.1127157 -0.008038382 -0.9935948 0
-0.01232942 0.1037568 -0.06022587 1

-0.9899184 -0.05986226 -0.1283672 0
0.01202639 -0.9385491 0.3449362 0
0.1411276 -0.3399149 -0.9298069 0
0.07569479 -0.06127614 -0.03328478 1

-0.996725 -0.06030046 0.05388339 0
0.008464336 -0.7404494 -0.6720591 0
-0.08042336 0.6694019 -0.7385345 0
-0.08810923 -0.06538355 -0.02336065 1

0.97322 -0.0318186 -0.2276631 0
-0.002544133 0.9888226 -0.1490753 0
-0.2298617 -0.1456623 -0.9622608 0
-0.01220136 0.2037801 -0.06104961 1

-0.9972966 0.0425519 0.05990851 0
0.003560781 -0.7863324 0.6177934 0
-0.0733963 -0.6163366 -0.784055 0
0.08103107 -0.4777242 0.1197684 1

-0.9755437 -0.008651748 0.2196361 0
0.1041508 -0.8981286 0.4272214 0
-0.1935652 -0.4396486 -0.8770645 0
-0.08435349 -0.3939313 -0.3215626 1

0.939393 -0.07697163 -0.3340902 0
-0.03183839 0.950675 -0.3085507 0
-0.3413608 -0.3004873 -0.8906066 0
-0.01243853 0.295959 -0.07494655 1

-0.9821039 0.1768276 -0.06483822 0
-0.1679525 -0.9780458 -0.1233635 0
0.08522885 0.1102661 -0.9902411 0
0.08261661 -0.8278608 0.3948583 1

-0.9744183 -0.02666552 0.2231553 0
-0.1326791 -0.7331855 -0.6669603 0
-0.181399 0.6795061 -0.7108909 0
-0.03797738 -0.7938486 -0.1313301 1

0.9703997 -0.03434227 -0.2390509 0
-0.0139883 0.9801834 -0.197598 0
-0.2410996 -0.1950929 -0.9506891 0
-0.01780817 0.4562933 -0.1269846 1

0.2777795 0.4688942 0.8384373 0
0.9559319 -0.2212682 -0.1929626 0
-0.09504036 -0.8550899 0.5096947 0
0.02968039 0.4013014 -0.1175753 1

-0.5252249 -0.4394045 -0.7287402 0
-0.8131775 0.006808154 0.5819762 0
0.2507615 -0.8982636 0.3608898 0
-0.05618398 0.408335 -0.0870375 1

-0.9819435 -9.151176E-06 0.1891746 0
-0.18478 -0.2142459 -0.9591428 0
-0.04053866 0.9767799 -0.2103757 0
0.05941084 -0.9629961 0.3778133 1

-0.9837638 -0.0195494 0.1784011 0
-0.1759731 -0.09017327 -0.9802564 0
-0.03525039 0.9957345 -0.08526879 0
-0.05630947 -0.8951519 -0.2234832 1

0.9955829 0.09151138 0.0209857 0
-0.09104601 0.9956003 -0.02215375 0
0.02292076 -0.02014519 -0.9995342 0
-0.02596468 0.5423186 -0.1724535 1

0.3590539 0.4164657 0.8352465 0
0.4819256 -0.8491171 0.2162128 0
-0.7992672 -0.3248946 0.5055844 0
0.133286 0.3773198 -0.1384889 1

-0.50573 -0.747644 -0.430425 0
-0.0599634 -0.4672616 0.8820832 0
0.8606056 -0.4719056 -0.1914769 0
-0.1443137 0.4090728 -0.02396464 1

-0.9826201 0.02266639 0.1842398 0
-0.18478 -0.2142459 -0.9591428 0
-0.01773231 0.9765168 -0.2147106 0
0.04226673 -0.982874 0.2888229 1

-0.9826499 -0.04317931 0.1803748 0
-0.1759731 -0.09017327 -0.9802564 0
-0.05859172 0.9949901 -0.08101017 0
-0.07263649 -0.9035182 -0.3144326 1

0.3303045 -0.9261198 0.1822117 0
-0.4370679 -0.3211755 -0.8401299 0
-0.8365827 -0.1978597 0.5108629 0
0.2674614 0.1409128 -0.07829203 1

0.145637 0.4308311 -0.8906033 0
-0.273842 -0.8474756 -0.4547483 0
0.9506844 -0.3101126 0.005444087 0
-0.1610085 0.27898 0.2216207 1

0.9955829 0.09151138 0.0209857 0
-0.09104601 0.9956003 -0.02215375 0
0.02292076 -0.02014519 -0.9995342 0
-0.04273022 0.7489848 -0.2782798 1

0.1569286 -0.9867392 0.04146349 0
-0.5341902 -0.1201186 -0.8367869 0
-0.830671 -0.1091663 0.5459565 0
0.143645 0.04992771 -0.3162911 1

0.4536628 0.6105808 -0.649139 0
-0.1764325 -0.6524554 -0.737003 0
0.8735342 -0.4488798 0.1882683 0
-0.2385847 0.03890002 0.09279595 1

-0.2757949 -0.9496241 -0.1488332 0
-0.9021874 0.3091614 -0.3007948 0
-0.3316555 -0.05131761 0.9420038 0
0.1131951 0.07171166 -0.329435 1

0.1715084 -0.9843792 -0.03978524 0
-0.9292573 -0.175053 0.3253265 0
0.3272091 0.01882543 0.9447645 0
0.0871414 0.06072032 -0.3906177 1

0.1013547 -0.9943427 0.03177835 0
-0.9098843 -0.07973424 0.4071279 0
0.4022908 0.07017889 0.9128184 0
0.09272305 0.03847718 -0.3960575 1

0.1302079 -0.9838289 0.1229915 0
-0.8533125 -0.04802946 0.5191833 0
0.5048802 0.1725518 0.8457672 0
0.0975837 0.02054167 -0.3914602 1

0.1647895 -0.9663311 0.1976076 0
-0.7257765 0.01686716 0.6877241 0
0.6679021 0.2567485 0.6985606 0
0.1024304 0.002136707 -0.3796402 1

0.1750472 0.951602 -0.2526101 0
0.575948 -0.307063 -0.7576254 0
0.7985253 0.01287017 0.6018237 0
-0.2170012 0.03210855 0.06017968 1

0.4066236 0.6984365 -0.5889345 0
0.8228242 -0.5601055 -0.09613687 0
0.397011 0.445498 0.8024424 0
-0.2398792 -0.009061217 0.01196571 1

0.3970546 0.6829219 -0.6131604 0
0.8448322 -0.5330008 -0.04656745 0
0.358617 0.4995279 0.7885846 0
-0.2554049 -0.02330071 0.02253418 1

0.3870773 0.5808533 -0.716087 0
0.8521858 -0.5219082 0.03729958 0
0.3520663 0.6246772 0.6970137 0
-0.2627333 -0.03208393 0.03788329 1

0.3664793 0.4978346 -0.7860368 0
0.8779619 -0.4647089 0.1150159 0
0.3080195 0.7322614 0.6073858 0
-0.2658512 -0.03922963 0.05888708 1

-0.04962562 -0.9967824 -0.06294786 0
-0.9186258 0.07028952 -0.3888268 0
-0.3920006 -0.03852975 0.919158 0
0.07540257 0.08466232 -0.3420352 1

0.1563603 -0.9849457 0.0737111 0
0.3900573 0.1301398 0.9115476 0
0.9074178 0.1137782 -0.4045341 0
0.05275888 0.05424333 -0.3785806 1

0.06702405 -0.9876546 0.1415842 0
0.3743469 0.1564292 0.9139993 0
0.9248633 0.008258231 -0.38021 0
0.05905733 0.03552699 -0.3809938 1

0.08913054 -0.9646456 0.2480217 0
0.5153747 0.2577524 0.817284 0
0.8523176 -0.05497916 -0.5201275 0
0.06874794 0.01891851 -0.3739156 1

0.109736 -0.9212837 0.3730874 0
0.7825202 0.3115198 0.5390897 0
0.6128787 -0.2327907 -0.7551084 0
0.07630247 0.002743959 -0.3548822 1

0.3067395 0.8439076 -0.4401489 0
0.4593991 -0.5362793 -0.7080657 0
0.8335848 -0.01498758 0.5521883 0
-0.1928857 0.01925147 0.02845723 1

0.3068649 0.6908259 -0.6546706 0
0.5610691 0.4243186 0.710743 0
-0.7687885 0.5854174 0.2573925 0
-0.2094347 -0.0297851 0.008408669 1

0.2882223 0.6868252 -0.6672326 0
0.6052127 0.4093194 0.6827703 0
-0.7420551 0.6006073 0.2977002 0
-0.2241461 -0.0430218 0.0208112 1

0.3054816 0.5872074 -0.7495791 0
0.5511878 0.5328638 0.6420658 0
-0.7764492 0.609298 0.1608813 0
-0.2358896 -0.04852396 0.03905817 1

0.2607147 0.5248958 -0.8102544 0
0.364635 0.7235754 0.5860717 0
-0.8939068 0.4482445 0.002748627 0
-0.2342445 -0.05595911 0.06302764 1

-0.04899202 -0.9967188 -0.06443273 0
-0.9186257 0.07028924 -0.3888269 0
-0.3920801 -0.04014011 0.919055 0
0.0440198 0.08706367 -0.3553186 1

0.1563603 -0.9849457 0.0737111 0
0.3900573 0.1301398 0.9115476 0
0.9074178 0.1137782 -0.4045341 0
0.0638755 0.05795228 -0.3526015 1

0.0670239 -0.9876547 0.1415839 0
0.3743469 0.1564288 0.9139992 0
0.9248633 0.008258173 -0.38021 0
0.07010055 0.04014158 -0.3540308 1

0.08913062 -0.9646454 0.2480219 0
0.5153748 0.2577527 0.817284 0
0.8523175 -0.05497925 -0.5201275 0
0.08364066 0.02636683 -0.3502986 1

0.109736 -0.9212837 0.3730874 0
0.7825202 0.3115197 0.5390896 0
0.6128787 -0.2327908 -0.7551082 0
0.09273542 0.009285927 -0.3435612 1

0.307981 0.8438845 -0.4393256 0
0.4593988 -0.5362791 -0.7080662 0
0.8331271 -0.01624526 0.552843 0
-0.1771817 0.0009194613 0.004252765 1

0.3068649 0.6908259 -0.6546708 0
0.5610685 0.424319 0.7107431 0
-0.7687889 0.5854172 0.257392 0
-0.1934442 -0.01769203 0.02866479 1

0.2882223 0.6868252 -0.6672326 0
0.6052127 0.4093194 0.6827703 0
-0.7420551 0.6006073 0.2977002 0
-0.2062923 -0.03094685 0.04095292 1

0.3054815 0.5872073 -0.7495791 0
0.5511878 0.5328639 0.6420658 0
-0.7764492 0.6092979 0.1608812 0
-0.2196295 -0.03280455 0.0579992 1

0.2607147 0.524896 -0.8102543 0
0.3646345 0.7235754 0.5860719 0
-0.8939069 0.4482442 0.00274837 0
-0.2265871 -0.04076403 0.0753351 1

-0.04630324 -0.9482301 -0.3141908 0
-0.9185116 0.1640545 -0.3597536 0
-0.3926737 -0.2719301 0.8785565 0
0.0203654 0.08887362 -0.3653308 1

0.1581118 -0.9847381 0.07274101 0
0.3900849 0.1299683 0.9115603 0
0.9071023 0.1157532 -0.4046811 0
0.07468866 0.06156003 -0.3273316 1

0.06861722 -0.9876896 0.1405732 0
0.3743697 0.1561002 0.9140462 0
0.9247372 0.01009287 -0.3804723 0
0.08113118 0.04475105 -0.3270986 1

0.09020332 -0.9642483 0.2491762 0
0.5152312 0.2592944 0.8168866 0
0.8522914 -0.05469739 -0.5202 0
0.09724043 0.03316832 -0.3287321 1

0.1117238 -0.9219841 0.3707598 0
0.7825109 0.3115959 0.5390592 0
0.6125313 -0.2298979 -0.7562757 0
0.1092918 0.01587701 -0.3321553 1

0.4614517 0.8565831 -0.2309289 0
0.4998589 -0.4660843 -0.7300044 0
0.7329417 -0.2214297 0.643246 0
-0.1653265 -0.01291972 -0.01401946 1

0.30746 0.6903946 -0.6548464 0
0.5610605 0.424301 0.7107601 0
-0.7685571 0.5859387 0.2568975 0
-0.1778753 -0.005917728 0.04838696 1

0.2897078 0.6855705 -0.6678792 0
0.605229 0.409358 0.6827329 0
-0.7414632 0.6020128 0.2963329 0
-0.1884212 -0.01886028 0.0611142 1

0.3046975 0.5877911 -0.7494406 0
0.551198 0.5328825 0.6420415 0
-0.77675 0.6087184 0.1616211 0
-0.2050543 -0.01871377 0.07497725 1

0.2623304 0.5246204 -0.8099113 0
0.3644796 0.7232657 0.5865504 0
-0.8934973 0.449066 0.001478925 0
-0.2188368 -0.02538425 0.08779225 1

0.9948858 -0.004513197 -0.1009052 0
-0.005821208 0.9947788 -0.1018884 0
-0.1008382 -0.1019547 -0.989665 0
-0.01254562 0.03118801 -0.06993694 1

0.9862156 -0.02054258 -0.1641851 0
0.02064248 0.9997863 -0.001097826 0
-0.1641726 0.002306495 -0.986429 0
-0.01313837 0.1324807 -0.08031166 1

-0.9855117 -0.09665655 -0.1393715 0
0.02126045 -0.8856454 0.4638755 0
0.1682703 -0.4541916 -0.8748686 0
0.07103159 -0.03500473 -0.05635348 1

-0.9975361 -0.06339513 0.03005046 0
0.03474607 -0.8185388 -0.5733996 0
-0.0609482 0.5709426 -0.8187245 0
-0.09228465 -0.03426427 -0.03978932 1

0.9514893 -0.03630358 -0.3055327 0
-0.0003081565 0.9929017 -0.1189369 0
-0.3076818 -0.1132613 -0.9447241 0
-0.01107357 0.2324861 -0.08042148 1

-0.996547 0.0271804 0.07845655 0
0.03564468 -0.7133602 0.6998906 0
-0.07499109 -0.7002704 -0.709928 0
0.08046517 -0.4279785 0.1494749 1

-0.9794026 -0.08793613 0.181763 0
0.09143262 -0.9957513 0.01093091 0
-0.1800295 -0.02732485 -0.9832817 0
-0.07686734 -0.3974613 -0.2942147 1

0.8966547 -0.0685515 -0.4373911 0
-0.04959355 0.96617 -0.2530931 0
-0.4399441 -0.2486289 -0.8629211 0
-0.01110229 0.3250453 -0.09150888 1

-0.9668665 0.1934233 -0.1666041 0
-0.2296273 -0.9440978 0.2365396 0
0.1115383 -0.266959 -0.9572315 0
0.09633696 -0.7456223 0.4611208 1

-0.9773889 -0.1105606 0.1802424 0
-0.1147293 -0.4387414 -0.8912595 0
-0.177618 0.891786 -0.4161363 0
-0.03615436 -0.840848 -0.2893474 1

0.9445727 -0.02324933 -0.3274783 0
-0.03067199 0.9868771 -0.1585331 0
-0.3268666 -0.1597904 -0.931464 0
-0.0194664 0.487993 -0.1341938 1

0.3684264 0.4206918 0.8290238 0
0.9277079 -0.2240852 -0.2985696 0
-0.06016624 -0.8790928 0.4728381 0
0.02787087 0.4320889 -0.1328728 1

-0.6207121 -0.3899784 -0.6801715 0
-0.7384281 -0.0007945467 0.6743316 0
0.2635152 -0.9208236 0.2874779 0
-0.05408702 0.4383528 -0.092893 1

-0.9897359 0.1268535 0.06581259 0
-0.1393802 -0.7551286 -0.6405889 0
0.03156405 0.6431869 -0.7650584 0
0.06460966 -0.8760669 0.4938031 1

-0.9879202 -0.1114092 0.1077117 0
-0.1364867 0.296407 -0.9452589 0
-0.073384 0.9485416 0.3080325 0
-0.05200636 -0.9014682 -0.4124915 1

0.9961154 0.08793509 -0.004658349 0
-0.08805174 0.9952964 -0.04039737 0
-0.001084097 -0.04065057 -0.9991729 0
-0.03161817 0.5756466 -0.1754671 1

0.4577945 0.3502859 0.8171439 0
0.4829146 -0.8696762 0.1022582 0
-0.7464701 -0.3477974 0.5672913 0
0.1284175 0.4078021 -0.1652323 1

-0.5660515 -0.7283081 -0.3862033 0
-0.02277917 -0.4544854 0.8904629 0
0.8240551 -0.5128452 -0.2406719 0
-0.1341157 0.4382668 -0.01981092 1

-0.9887365 0.1417506 0.04803433 0
-0.1393802 -0.7551286 -0.6405889 0
0.05453184 0.6400687 -0.76638 0
0.0516778 -0.9461287 0.4343686 1

-0.9859 -0.133893 0.1003697 0
-0.1364867 0.296407 -0.9452589 0
-0.09681325 0.9456298 0.3105024 0
-0.06466979 -0.8739672 -0.500194 1

0.2503182 -0.9675184 0.03534503 0
-0.5574213 -0.1738742 -0.8118185 0
-0.7915949 -0.1835108 0.5828393 0
0.2628683 0.1656711 -0.1367621 1

0.09438415 0.317234 -0.9436389 0
-0.3323074 -0.8834657 -0.3302427 0
0.9384366 -0.3447478 -0.02203391 0
-0.1404578 0.3117311 0.2281075 1

0.9961154 0.08793509 -0.004658349 0
-0.08805174 0.9952964 -0.04039737 0
-0.001084097 -0.04065057 -0.9991729 0
-0.05018601 0.7801733 -0.2850811 1

-0.04325253 -0.9907249 -0.1288145 0
-0.6761543 0.1239477 -0.7262591 0
-0.7354895 -0.05568597 0.6752441 0
0.1049572 0.1164148 -0.3667408 1

0.427608 0.5122247 -0.7448336 0
-0.2510395 -0.7242638 -0.6422002 0
0.8684068 -0.4615926 0.1811125 0
-0.2345966 0.06145561 0.1345536 1

-0.4812278 -0.8476033 -0.2235809 0
-0.8583575 0.5073877 -0.07602646 0
-0.1778827 -0.1553263 0.9717159 0
0.07787477 0.1451632 -0.3705588 1

-0.04770457 -0.9759319 -0.212794 0
-0.8611377 -0.06776398 0.5038357 0
0.5061288 -0.20728 0.8371791 0
0.04053972 0.1498047 -0.4264828 1

-0.1034909 -0.9863343 -0.1281962 0
-0.806396 0.007754955 0.5913255 0
0.5822504 -0.1645736 0.7961785 0
0.04050245 0.1282299 -0.4359713 1

-0.05790916 -0.9974547 -0.04159777 0
-0.7230805 0.01317753 0.6906382 0
0.6883323 -0.07007275 0.7220032 0
0.04227937 0.1091962 -0.4349682 1

-0.008501215 -0.9995825 0.02761134 0
-0.5538819 0.02769656 0.8321346 0
0.832552 0.008219319 0.5538861 0
0.0451204 0.08844483 -0.427015 1

0.1899534 0.9080395 -0.373339 0
0.509632 -0.4162138 -0.7530213 0
0.839162 0.04722669 0.5418274 0
-0.2156325 0.05005515 0.1015963 1

0.3934835 0.6039885 -0.6930866 0
0.7562842 -0.6412994 -0.1294958 0
0.5226899 0.4732158 0.7091278 0
-0.2433026 0.004664421 0.06015963 1

0.3818079 0.5864894 -0.7143201 0
0.7853533 -0.6133481 -0.08381106 0
0.4872811 0.5289939 0.6947824 0
-0.2585293 -0.007591069 0.07332978 1

0.3594545 0.4751049 -0.8031611 0
0.8003725 -0.5994922 0.003580712 0
0.4797878 0.6441154 0.5957511 0
-0.2650541 -0.01423723 0.09005397 1

0.3302489 0.3864818 -0.861143 0
0.8372555 -0.541191 0.07820097 0
0.4358197 0.7468228 0.5023119 0
-0.2669228 -0.01879281 0.1119102 1

-0.2315992 -0.9551523 -0.1845157 0
-0.9423212 0.2673825 -0.2013394 0
-0.2416462 -0.1272429 0.9619856 0
0.04191828 0.1664175 -0.3737436 1

-0.0373325 -0.9945859 -0.09698104 0
0.6136419 -0.09941231 0.7833015 0
0.7887017 0.03026905 -0.6140308 0
0.00867766 0.1472974 -0.4078408 1

-0.1109905 -0.9937627 -0.01080703 0
0.6048338 -0.07617263 0.7927004 0
0.7885796 -0.08144572 -0.6095159 0
0.01066579 0.1285168 -0.4140922 1

-0.06582487 -0.9934663 0.09323029 0
0.7372541 0.01453865 0.6754591 0
0.6724012 -0.1131965 -0.7314802 0
0.01784452 0.1096414 -0.4116296 1

-0.01392627 -0.976199 0.2164294 0
0.9363575 0.06320007 0.3453125 0
0.3507722 -0.2074641 -0.913191 0
0.02518064 0.08944201 -0.3970582 1

0.3041529 0.774032 -0.5553067 0
0.3889252 -0.6330252 -0.6693401 0
0.8696137 0.01239103 0.4935771 0
-0.1942937 0.03262782 0.07006655 1

0.2924724 0.6036395 -0.7416735 0
0.7163211 0.37552 0.5881064 0
-0.6335173 0.7032809 0.3225704 0
-0.21532 -0.01906353 0.0553683 1

0.2738938 0.5990235 -0.7524313 0
0.753266 0.352814 0.555079 0
-0.5979735 0.718814 0.3545905 0
-0.2294712 -0.03028488 0.07022878 1

0.2786027 0.4888391 -0.8266902 0
0.7088518 0.476115 0.5204268 0
-0.6480045 0.7309932 0.2138676 0
-0.2398423 -0.03312129 0.09016678 1

0.2263859 0.4231875 -0.8773037 0
0.546682 0.6902456 0.4740255 0
-0.8061566 0.5869188 0.07508714 0
-0.2367816 -0.03827572 0.1147255 1

-0.2312083 -0.9549455 -0.1860696 0
-0.9423212 0.2673824 -0.2013393 0
-0.2420201 -0.128786 0.9616863 0
0.009726048 0.1755521 -0.3806219 1

-0.0373325 -0.9945859 -0.09698104 0
0.6136419 -0.09941231 0.7833015 0
0.7887017 0.03026905 -0.6140308 0
0.02616643 0.1444641 -0.3855167 1

-0.1109907 -0.9937628 -0.01080723 0
0.6048338 -0.07617295 0.7927004 0
0.7885796 -0.08144574 -0.6095158 0
0.02850839 0.1262697 -0.3907076 1

-0.06582468 -0.9934662 0.09323054 0
0.7372541 0.01453895 0.675459 0
0.6724011 -0.1131965 -0.7314803 0
0.03914877 0.1100615 -0.392111 1

-0.01392633 -0.976199 0.2164294 0
0.9363576 0.06319997 0.3453124 0
0.3507722 -0.2074642 -0.9131911 0
0.04484417 0.09076917 -0.3898066 1

0.3054481 0.7740496 -0.5545706 0
0.3889251 -0.6330251 -0.6693405 0
0.8691598 0.01123758 0.4944037 0
-0.1809987 0.01098859 0.04718593 1

0.2924722 0.6036394 -0.7416735 0
0.7163207 0.3755207 0.5881065 0
-0.6335176 0.7032806 0.3225699 0
-0.1949049 -0.00836134 0.07212933 1

0.2738938 0.5990235 -0.7524313 0
0.753266 0.352814 0.555079 0
-0.5979735 0.718814 0.3545905 0
-0.2072499 -0.0198769 0.0866036 1

0.2786026 0.488839 -0.8266903 0
0.7088518 0.4761152 0.5204269 0
-0.6480045 0.7309932 0.2138674 0
-0.2189312 -0.01907587 0.1055194 1

0.2263859 0.4231877 -0.8773038 0
0.5466816 0.6902457 0.4740259 0
-0.8061568 0.5869185 0.075087 0
-0.2253013 -0.02378058 0.1246801 1

-0.25984 -0.8678699 -0.4234209 0
-0.9212828 0.3541845 -0.1605965 0
-0.289346 -0.3483608 0.891585 0
-0.0145385 0.1824372 -0.3858063 1

-0.03585766 -0.9945056 -0.09834854 0
0.6136356 -0.09958545 0.7832844 0
0.788775 0.03226358 -0.6138352 0
0.04317777 0.1417083 -0.3638021 1

-0.1097269 -0.9938869 -0.01220328 0
0.6047974 -0.07650372 0.7926965 0
0.7887844 -0.0795996 -0.6094947 0
0.04633062 0.1240251 -0.3673496 1

-0.06444963 -0.9934747 0.09409646 0
0.7373581 0.01612704 0.6753092 0
0.6724205 -0.1129062 -0.7315075 0
0.05860358 0.1104453 -0.3742869 1

-0.01274797 -0.9768401 0.2135904 0
0.9363585 0.06328067 0.3452947 0
0.3508141 -0.204399 -0.9138659 0
0.06465545 0.09210634 -0.3825006 1

0.4736651 0.8038809 -0.3597456 0
0.4301638 -0.5676079 -0.7019831 0
0.7685053 -0.1777555 0.6146567 0
-0.1709622 -0.005347133 0.02991305 1

0.2929693 0.603118 -0.7419015 0
0.7163131 0.3755049 0.5881258 0
-0.6332967 0.7037365 0.3220099 0
-0.175028 0.002058983 0.08844846 1

0.275076 0.5975302 -0.7531871 0
0.7532815 0.3528474 0.5550368 0
-0.5974115 0.7200392 0.3530486 0
-0.1850069 -0.00945884 0.1029943 1

0.2779403 0.489545 -0.8264955 0
0.7088609 0.4761305 0.5204 0
-0.6482787 0.7305107 0.2146834 0
-0.2001869 -0.00648576 0.1192809 1

0.2279716 0.4226754 -0.8771401 0
0.5465471 0.6899961 0.4745441 0
-0.805801 0.5875807 0.07371232 0
-0.2136813 -0.009109199 0.1347556 1

0.9939082 -0.007899022 -0.109928 0
-0.003857726 0.9943236 -0.1063279 0
-0.1101439 -0.1061042 -0.9882359 0
-0.01349173 0.03438151 -0.08785732 1

0.9837567 -0.01433879 -0.1789332 0
0.01484128 0.9998887 0.001469902 0
-0.1788922 0.00410162 -0.9838601 0
-0.01388454 0.1356279 -0.09868409 1

-0.9891034 -0.1101865 -0.0976401 0
0.04592014 -0.861024 0.5064873 0
0.1398786 -0.4964846 -0.8567013 0
0.07001301 -0.03199553 -0.07473542 1

-0.9984439 -0.05530165 -0.007196963 0
0.04969673 -0.8237503 -0.5647708 0
-0.02530424 0.5642495 -0.8252165 0
-0.09314276 -0.03069925 -0.05669011 1

0.9423637 -0.02058847 -0.3339564 0
-0.0137768 0.9948709 -0.1002096 0
-0.3343066 -0.09903474 -0.9372466 0
-0.01240001 0.2356435 -0.09853707 1

-0.9996632 0.002613156 0.02582835 0
0.02074707 -0.5176116 0.8553643 0
-0.01560424 -0.855612 -0.5173826 0
0.09038845 -0.4140445 0.1500004 1

-0.9895572 -0.09116022 0.1116549 0
0.07015028 -0.9812658 -0.1794343 0
-0.1259204 0.1697278 -0.9774132 0
-0.07109163 -0.3962088 -0.3072867 1

0.8768564 -0.04321349 -0.4788061 0
-0.07044349 0.9736531 -0.2168806 0
-0.4755633 -0.223902 -0.85071 0
-0.0136843 0.3283863 -0.1078787 1

-0.971449 0.09734116 -0.2163609 0
-0.188558 -0.8702544 0.4550864 0
0.1439904 -0.4828897 -0.8637617 0
0.09962665 -0.6445255 0.5308753 1

-0.986441 -0.1303379 0.09973345 0
-0.07801425 -0.162251 -0.9836608 0
-0.1443901 0.9781037 -0.1498826 0
-0.03985523 -0.8331453 -0.387185 1

0.935344 -0.011468 -0.3535534 0
-0.05076111 0.9847789 -0.1662339 0
-0.3500784 -0.1734326 -0.920525 0
-0.02556482 0.492596 -0.1444563 1

0.3995715 0.3962764 0.8266241 0
0.9161444 -0.2040686 -0.345015 0
-0.03196664 -0.8951653 0.4445865 0
0.02233708 0.4372262 -0.1471795 1

-0.6547908 -0.3710592 -0.6584559 0
-0.7022676 -0.02337114 0.7115293 0
0.2794084 -0.9283149 0.2452799 0
-0.05781113 0.4411741 -0.1034143 1

-0.9833684 0.1171623 -0.1387805 0
-0.07098614 -0.9512656 -0.3000917 0
0.1671766 0.2852494 -0.9437609 0
0.07357385 -0.7647674 0.5937541 1

-0.9939788 -0.09677762 0.05138779 0
-0.0965393 0.5516089 -0.8284975 0
-0.05183405 0.8284698 0.5576302 0
-0.05063435 -0.8555633 -0.5230962 1

0.9939892 0.1092036 -0.00773304 0
-0.1094634 0.9924981 -0.05445277 0
-0.001728669 -0.05497196 -0.9984865 0
-0.04025275 0.579666 -0.1861382 1

0.5029608 0.319281 0.803175 0
0.4978377 -0.8666512 0.03276053 0
-0.7065324 -0.3833734 0.5948418 0
0.1216304 0.4151089 -0.1845728 1

-0.5720986 -0.7296008 -0.3746809 0
-0.0255169 -0.4407709 0.8972569 0
0.819788 -0.5228801 -0.2335472 0
-0.1339208 0.4386412 -0.02630081 1

-0.9792224 0.1237526 -0.1606521 0
-0.07098614 -0.9512656 -0.3000917 0
0.1899601 0.2824527 -0.9402848 0
0.06698767 -0.853027 0.5659112 1

-0.9924682 -0.1164154 0.038137 0
-0.0965393 0.5516089 -0.8284975 0
-0.07541317 0.8259391 0.5586929 0
-0.05959139 -0.8043843 -0.5999652 1

0.2477377 -0.9655905 -0.07912786 0
-0.6276152 -0.09773117 -0.7723652 0
-0.7380549 -0.2410056 0.6302308 0
0.260236 0.17382 -0.1754518 1

0.0862533 0.2359142 -0.9679385 0
-0.3341779 -0.9084218 -0.2511871 0
0.938555 -0.3451293 -0.0004827753 0
-0.1410251 0.3159239 0.2235091 1

0.9939892 0.1092036 -0.00773304 0
-0.1094634 0.9924981 -0.05445277 0
-0.001728669 -0.05497196 -0.9984865 0
-0.06337433 0.7821565 -0.2986292 1

-0.1552627 -0.9278607 -0.3390695 0
-0.7756078 0.3270705 -0.5398683 0
-0.6118219 -0.1791634 0.7704378 0
0.08243983 0.1461341 -0.3942538 1

0.4125587 0.4540651 -0.7896965 0
-0.2584075 -0.772963 -0.5794427 0
0.8735107 -0.4431175 0.2015589 0
-0.2356938 0.05857861 0.1523508 1

-0.5847968 -0.747395 -0.3152988 0
-0.8108375 0.5498777 0.2004428 0
-0.02356572 -0.3728741 0.9275828 0
0.05785652 0.1762596 -0.3863406 1

-0.1781394 -0.8917106 -0.416075 0
-0.7428234 -0.1554513 0.6511901 0
0.6453526 -0.425073 0.6346915 0
0.01213553 0.1959649 -0.4317744 1

-0.2168178 -0.9204545 -0.3251981 0
-0.6646119 -0.1048196 0.7398 0
0.7150394 -0.3765324 0.5890181 0
0.008504725 0.1773119 -0.4457165 1

-0.1573444 -0.9549102 -0.2517727 0
-0.5620954 -0.1230222 0.817872 0
0.8119677 -0.2702079 0.5173938 0
0.008672296 0.1585263 -0.4493935 1

-0.09680496 -0.9761067 -0.1945369 0
-0.3667921 -0.1467116 0.9186616 0
0.9252525 -0.1602857 0.3438259 0
0.01090898 0.1363616 -0.4470135 1

0.1793344 0.8768197 -0.4461237 0
0.498822 -0.4719032 -0.7269691 0
0.847948 0.09216581 0.5220054 0
-0.2172346 0.04470861 0.1200604 1

0.3833554 0.5454437 -0.7453389 0
0.7209547 -0.6811263 -0.1276386 0
